#

Date1	Date2	R0	R1	R2	R3	R4	R5	R6	R7	R8	R9	T0	T1	T2	T3	T4	T5	T6	T7	T8	T9	I0	I1	I2	I3
Date(String)	Date(Number)	C_still	3K	Still	MC - TT1810	MC - Cernox	50 mK				50K	C_still	3K	Still	MC - TT1810	MC - Cernox	50 mK				50K	Sorb3K	3K	Still	MC
		No Calibration	RuO2-10K-NEW	RuO2 10k	TT-1810	CernoxA - mk	RuO2 1k5	No Calibration	No Calibration	No Calibration	PT1000	No Calibration	RuO2-10K-NEW	RuO2 10k	TT-1810	CernoxA - mk	RuO2 1k5	No Calibration	No Calibration	No Calibration	PT1000				
2021-03-22 09:47:59	3.6992476797E+9	1.645466E-10	1.517844E+4	4.980929E+4	2.378509E+4	0.000000E+0	5.448137E+3	0.000000E+0	0.000000E+0	0.000000E+0	0.000000E+0	164.546554E-12	3.620954E+3	1.009817E+3	32.280172E+0	NaN	163.572557E+0	0.000000E+0	0.000000E+0	0.000000E+0	-Inf	0.000000	0.000000	0.000000	0.000000
2021-03-22 09:50:09	3.6992478097E+9	2.110181E-10	1.517254E+4	4.986259E+4	2.354383E+4	0.000000E+0	5.388593E+3	0.000000E+0	0.000000E+0	0.000000E+0	0.000000E+0	211.018116E-12	3.624985E+3	1.008817E+3	32.754476E+0	NaN	168.367916E+0	0.000000E+0	0.000000E+0	0.000000E+0	-Inf	0.000000	0.000000	0.000000	0.143000
2021-03-22 09:52:56	3.6992479761E+9	2.603638E-10	1.517558E+4	4.997740E+4	2.363927E+4	0.000000E+0	5.389174E+3	0.000000E+0	0.000000E+0	0.000000E+0	0.000000E+0	260.363776E-12	3.622904E+3	1.006671E+3	32.565620E+0	NaN	168.319997E+0	0.000000E+0	0.000000E+0	0.000000E+0	-Inf	0.000000	0.000000	0.000000	0.000000
2021-03-22 09:55:44	3.6992481445E+9	2.953856E-10	1.517404E+4	4.989680E+4	2.367921E+4	0.000000E+0	5.387353E+3	0.000000E+0	0.000000E+0	0.000000E+0	0.000000E+0	295.385632E-12	3.623961E+3	1.008177E+3	32.487075E+0	NaN	168.469869E+0	0.000000E+0	0.000000E+0	0.000000E+0	-Inf	0.000000	0.000000	0.000000	0.000000
2021-03-22 09:58:32	3.6992483128E+9	3.206503E-10	1.517395E+4	4.998227E+4	2.371072E+4	0.000000E+0	5.387104E+3	0.000000E+0	0.000000E+0	0.000000E+0	0.000000E+0	320.650256E-12	3.624020E+3	1.006580E+3	32.425290E+0	NaN	168.490419E+0	0.000000E+0	0.000000E+0	0.000000E+0	-Inf	0.000000	0.000000	0.000000	0.000000
2021-03-22 10:01:27	3.6992484878E+9	3.546867E-10	1.517361E+4	4.986587E+4	2.370685E+4	0.000000E+0	5.386783E+3	0.000000E+0	0.000000E+0	0.000000E+0	0.000000E+0	354.686679E-12	3.624250E+3	1.008756E+3	32.432869E+0	NaN	168.516569E+0	0.000000E+0	0.000000E+0	0.000000E+0	-Inf	0.000000	0.000000	0.000000	0.000000
2021-03-22 10:04:18	3.6992486589E+9	3.755147E-10	1.517100E+4	4.992195E+4	2.370329E+4	0.000000E+0	5.386848E+3	0.000000E+0	0.000000E+0	0.000000E+0	0.000000E+0	375.514696E-12	3.626037E+3	1.007707E+3	32.439841E+0	NaN	168.511099E+0	0.000000E+0	0.000000E+0	0.000000E+0	-Inf	0.000000	0.000000	0.000000	0.000000
2021-03-22 10:07:07	3.6992488272E+9	3.945326E-10	1.516800E+4	4.993818E+4	2.371904E+4	0.000000E+0	5.387925E+3	0.000000E+0	0.000000E+0	0.000000E+0	0.000000E+0	394.532565E-12	3.628090E+3	1.007403E+3	32.409008E+0	NaN	168.422620E+0	0.000000E+0	0.000000E+0	0.000000E+0	-Inf	0.000000	0.000000	0.000000	0.000000
2021-03-22 10:09:57	3.6992489972E+9	3.878234E-10	1.517140E+4	4.997656E+4	2.372564E+4	0.000000E+0	5.390404E+3	0.000000E+0	0.000000E+0	0.000000E+0	0.000000E+0	387.823381E-12	3.625766E+3	1.006687E+3	32.396112E+0	NaN	168.217945E+0	0.000000E+0	0.000000E+0	0.000000E+0	-Inf	0.000000	0.000000	0.000000	0.000000
2021-03-22 10:12:46	3.6992491667E+9	3.920156E-10	1.517657E+4	4.996168E+4	2.373546E+4	0.000000E+0	5.386836E+3	0.000000E+0	0.000000E+0	0.000000E+0	0.000000E+0	392.015597E-12	3.622233E+3	1.006965E+3	32.376919E+0	NaN	168.512256E+0	0.000000E+0	0.000000E+0	0.000000E+0	-Inf	0.000000	0.000000	0.000000	0.000000
2021-03-22 10:15:37	3.6992493375E+9	3.941882E-10	1.517439E+4	4.988035E+4	2.373379E+4	0.000000E+0	5.388112E+3	0.000000E+0	0.000000E+0	0.000000E+0	0.000000E+0	394.188179E-12	3.623721E+3	1.008485E+3	32.380184E+0	NaN	168.406770E+0	0.000000E+0	0.000000E+0	0.000000E+0	-Inf	0.000000	0.000000	0.000000	0.000000
2021-03-22 10:18:26	3.6992495061E+9	3.897981E-10	1.517087E+4	4.999424E+4	2.371892E+4	0.000000E+0	5.385744E+3	0.000000E+0	0.000000E+0	0.000000E+0	0.000000E+0	389.798070E-12	3.626125E+3	1.006357E+3	32.409250E+0	NaN	168.602355E+0	0.000000E+0	0.000000E+0	0.000000E+0	-Inf	0.000000	0.000000	0.000000	0.000000
2021-03-22 10:21:14	3.6992496747E+9	3.920590E-10	1.516983E+4	4.986176E+4	2.375589E+4	0.000000E+0	5.387397E+3	0.000000E+0	0.000000E+0	0.000000E+0	0.000000E+0	392.058955E-12	3.626839E+3	1.008833E+3	32.337050E+0	NaN	168.466828E+0	0.000000E+0	0.000000E+0	0.000000E+0	-Inf	0.000000	0.000000	0.000000	0.000000
2021-03-22 10:24:06	3.6992498468E+9	3.733256E-10	1.516932E+4	4.986996E+4	2.374119E+4	0.000000E+0	5.387792E+3	0.000000E+0	0.000000E+0	0.000000E+0	0.000000E+0	373.325594E-12	3.627185E+3	1.008679E+3	32.365730E+0	NaN	168.434236E+0	0.000000E+0	0.000000E+0	0.000000E+0	-Inf	0.000000	0.000000	0.000000	0.000000
2021-03-22 10:27:05	3.6992500256E+9	3.700136E-10	1.517026E+4	4.996272E+4	2.373646E+4	0.000000E+0	5.386589E+3	0.000000E+0	0.000000E+0	0.000000E+0	0.000000E+0	370.013611E-12	3.626543E+3	1.006945E+3	32.374960E+0	NaN	168.532887E+0	0.000000E+0	0.000000E+0	0.000000E+0	-Inf	0.000000	0.000000	0.000000	0.000000
2021-03-22 10:30:04	3.6992502047E+9	3.559515E-10	1.516852E+4	4.996311E+4	2.374210E+4	0.000000E+0	5.387297E+3	0.000000E+0	0.000000E+0	0.000000E+0	0.000000E+0	355.951548E-12	3.627730E+3	1.006938E+3	32.363940E+0	NaN	168.473360E+0	0.000000E+0	0.000000E+0	0.000000E+0	-Inf	0.000000	0.000000	0.000000	0.000000
2021-03-22 10:32:57	3.6992503777E+9	3.343868E-10	1.516592E+4	4.990654E+4	2.372583E+4	0.000000E+0	5.386702E+3	0.000000E+0	0.000000E+0	0.000000E+0	0.000000E+0	334.386848E-12	3.629516E+3	1.007995E+3	32.395724E+0	NaN	168.523461E+0	0.000000E+0	0.000000E+0	0.000000E+0	-Inf	0.000000	0.000000	0.000000	0.000000
2021-03-22 10:36:07	3.6992505677E+9	3.179149E-10	1.517496E+4	4.991633E+4	2.373970E+4	0.000000E+0	5.389616E+3	0.000000E+0	0.000000E+0	0.000000E+0	0.000000E+0	317.914899E-12	3.623328E+3	1.007812E+3	32.368638E+0	NaN	168.283300E+0	0.000000E+0	0.000000E+0	0.000000E+0	-Inf	0.000000	0.000000	0.000000	0.000000
2021-03-22 10:38:58	3.6992507388E+9	2.975551E-10	1.517614E+4	4.992683E+4	2.373308E+4	0.000000E+0	5.392953E+3	0.000000E+0	0.000000E+0	0.000000E+0	0.000000E+0	297.555085E-12	3.622521E+3	1.007616E+3	32.381570E+0	NaN	168.008762E+0	0.000000E+0	0.000000E+0	0.000000E+0	-Inf	0.000000	0.000000	0.000000	0.000000
2021-03-22 10:41:48	3.6992509085E+9	2.797172E-10	1.518031E+4	4.981885E+4	2.375286E+4	0.000000E+0	5.394460E+3	0.000000E+0	0.000000E+0	0.000000E+0	0.000000E+0	279.717166E-12	3.619681E+3	1.009637E+3	32.342945E+0	NaN	167.886033E+0	0.000000E+0	0.000000E+0	0.000000E+0	-Inf	0.000000	0.000000	0.000000	0.000000
2021-03-22 10:44:40	3.6992510806E+9	2.560479E-10	1.517353E+4	4.989727E+4	2.374714E+4	0.000000E+0	5.393101E+3	0.000000E+0	0.000000E+0	0.000000E+0	0.000000E+0	256.047889E-12	3.624310E+3	1.008168E+3	32.354112E+0	NaN	167.996807E+0	0.000000E+0	0.000000E+0	0.000000E+0	-Inf	0.000000	0.000000	0.000000	0.000000
2021-03-22 10:47:29	3.6992512491E+9	2.338366E-10	1.517519E+4	4.994951E+4	2.375960E+4	0.000000E+0	5.390289E+3	0.000000E+0	0.000000E+0	0.000000E+0	0.000000E+0	233.836640E-12	3.623173E+3	1.007192E+3	32.329806E+0	NaN	168.227596E+0	0.000000E+0	0.000000E+0	0.000000E+0	-Inf	0.000000	0.000000	0.000000	0.000000
2021-03-22 10:50:20	3.6992514204E+9	2.228327E-10	1.517277E+4	4.993534E+4	2.374901E+4	0.000000E+0	5.388381E+3	0.000000E+0	0.000000E+0	0.000000E+0	0.000000E+0	222.832683E-12	3.624825E+3	1.007456E+3	32.350471E+0	NaN	168.384375E+0	0.000000E+0	0.000000E+0	0.000000E+0	-Inf	0.000000	0.000000	0.000000	0.000000
2021-03-22 10:53:12	3.6992515922E+9	2.116596E-10	1.517152E+4	4.991759E+4	2.378482E+4	0.000000E+0	5.386697E+3	0.000000E+0	0.000000E+0	0.000000E+0	0.000000E+0	211.659628E-12	3.625679E+3	1.007788E+3	32.280707E+0	NaN	168.524265E+0	0.000000E+0	0.000000E+0	0.000000E+0	-Inf	0.000000	0.000000	0.000000	0.000000
2021-03-22 10:56:03	3.6992517635E+9	2.052892E-10	1.517517E+4	4.982096E+4	2.378004E+4	0.000000E+0	5.387075E+3	0.000000E+0	0.000000E+0	0.000000E+0	0.000000E+0	205.289249E-12	3.623189E+3	1.009598E+3	32.289995E+0	NaN	168.491402E+0	0.000000E+0	0.000000E+0	0.000000E+0	-Inf	0.000000	0.000000	0.000000	0.000000
2021-03-22 10:58:57	3.6992519371E+9	2.076358E-10	1.516704E+4	4.985288E+4	2.376935E+4	0.000000E+0	5.380580E+3	0.000000E+0	0.000000E+0	0.000000E+0	0.000000E+0	207.635767E-12	3.628744E+3	1.008999E+3	32.310819E+0	NaN	169.030191E+0	0.000000E+0	0.000000E+0	0.000000E+0	-Inf	0.000000	0.000000	0.000000	0.000000
2021-03-22 11:01:48	3.6992521083E+9	2.042818E-10	1.516643E+4	4.989864E+4	2.376174E+4	0.000000E+0	5.390122E+3	0.000000E+0	0.000000E+0	0.000000E+0	0.000000E+0	204.281756E-12	3.629161E+3	1.008143E+3	32.325641E+0	NaN	168.241905E+0	0.000000E+0	0.000000E+0	0.000000E+0	-Inf	0.000000	0.000000	0.000000	0.000000
2021-03-22 11:04:41	3.6992522817E+9	2.013042E-10	1.516856E+4	4.989417E+4	2.377934E+4	0.000000E+0	5.388600E+3	0.000000E+0	0.000000E+0	0.000000E+0	0.000000E+0	201.304243E-12	3.627704E+3	1.008226E+3	32.291370E+0	NaN	168.367691E+0	0.000000E+0	0.000000E+0	0.000000E+0	-Inf	0.000000	0.000000	0.000000	0.000000
2021-03-22 11:07:37	3.6992524572E+9	2.002443E-10	1.517116E+4	4.983250E+4	2.375376E+4	0.000000E+0	5.386124E+3	0.000000E+0	0.000000E+0	0.000000E+0	0.000000E+0	200.244310E-12	3.625926E+3	1.009381E+3	32.341203E+0	NaN	168.571386E+0	0.000000E+0	0.000000E+0	0.000000E+0	-Inf	0.000000	0.000000	0.000000	0.000000
2021-03-22 11:10:26	3.6992526263E+9	1.937115E-10	1.517134E+4	4.986204E+4	2.376513E+4	0.000000E+0	5.388087E+3	0.000000E+0	0.000000E+0	0.000000E+0	0.000000E+0	193.711471E-12	3.625805E+3	1.008828E+3	32.319030E+0	NaN	168.409405E+0	0.000000E+0	0.000000E+0	0.000000E+0	-Inf	0.000000	0.000000	0.000000	0.000000
2021-03-22 11:13:22	3.6992528020E+9	1.919320E-10	1.516889E+4	4.998914E+4	2.374867E+4	0.000000E+0	5.385805E+3	0.000000E+0	0.000000E+0	0.000000E+0	0.000000E+0	191.931993E-12	3.627480E+3	1.006452E+3	32.351132E+0	NaN	168.597057E+0	0.000000E+0	0.000000E+0	0.000000E+0	-Inf	0.000000	0.000000	0.000000	0.000000
2021-03-22 11:16:15	3.6992529750E+9	1.874625E-10	1.516774E+4	4.983118E+4	2.376401E+4	0.000000E+0	5.385607E+3	0.000000E+0	0.000000E+0	0.000000E+0	0.000000E+0	187.462545E-12	3.628269E+3	1.009406E+3	32.321222E+0	NaN	168.613642E+0	0.000000E+0	0.000000E+0	0.000000E+0	-Inf	0.000000	0.000000	0.000000	0.000000
2021-03-22 11:16:55	3.6992530155E+9	1.904769E-10	1.516655E+4	4.994019E+4	2.375543E+4	0.000000E+0	5.387072E+3	0.000000E+0	0.000000E+0	0.000000E+0	0.000000E+0	190.476893E-12	3.629083E+3	1.007366E+3	32.337933E+0	NaN	168.493576E+0	0.000000E+0	0.000000E+0	0.000000E+0	-Inf	0.000000	0.000000	0.000000	0.000000
2021-03-22 11:17:30	3.6992530510E+9	1.864764E-10	1.516645E+4	4.991410E+4	2.375655E+4	0.000000E+0	5.389293E+3	0.000000E+0	0.000000E+0	0.000000E+0	0.000000E+0	186.476430E-12	3.629147E+3	1.007853E+3	32.335756E+0	NaN	168.309891E+0	0.000000E+0	0.000000E+0	0.000000E+0	-Inf	0.000000	0.000000	0.000000	0.000000
2021-03-22 11:18:05	3.6992530860E+9	1.980681E-10	1.517203E+4	4.987741E+4	2.377239E+4	0.000000E+0	5.388826E+3	0.000000E+0	0.000000E+0	0.000000E+0	0.000000E+0	198.068064E-12	3.625332E+3	1.008540E+3	32.304888E+0	NaN	168.348368E+0	0.000000E+0	0.000000E+0	0.000000E+0	-Inf	0.000000	0.000000	0.000000	0.000000
2021-03-22 11:18:44	3.6992531242E+9	2.019296E-10	1.517242E+4	4.991133E+4	2.377597E+4	0.000000E+0	5.387586E+3	0.000000E+0	0.000000E+0	0.000000E+0	0.000000E+0	201.929592E-12	3.625065E+3	1.007905E+3	32.297923E+0	NaN	168.450159E+0	0.000000E+0	0.000000E+0	0.000000E+0	-Inf	0.000000	0.000000	0.000000	0.000000
2021-03-22 11:19:18	3.6992531587E+9	2.066751E-10	1.517058E+4	4.994668E+4	2.375663E+4	0.000000E+0	5.385931E+3	0.000000E+0	0.000000E+0	0.000000E+0	0.000000E+0	206.675076E-12	3.626321E+3	1.007245E+3	32.335606E+0	NaN	168.587147E+0	0.000000E+0	0.000000E+0	0.000000E+0	-Inf	0.000000	0.000000	0.000000	0.000000
2021-03-22 11:19:53	3.6992531938E+9	2.178165E-10	1.516952E+4	4.987666E+4	2.376249E+4	0.000000E+0	5.385955E+3	0.000000E+0	0.000000E+0	0.000000E+0	0.000000E+0	217.816508E-12	3.627051E+3	1.008554E+3	32.324172E+0	NaN	168.583752E+0	0.000000E+0	0.000000E+0	0.000000E+0	-Inf	0.000000	0.000000	0.000000	0.000000
2021-03-22 11:20:29	3.6992532290E+9	2.225598E-10	1.517486E+4	4.986203E+4	2.376558E+4	0.000000E+0	5.385490E+3	0.000000E+0	0.000000E+0	0.000000E+0	0.000000E+0	222.559820E-12	3.623400E+3	1.008828E+3	32.318151E+0	NaN	168.623130E+0	0.000000E+0	0.000000E+0	0.000000E+0	-Inf	0.000000	0.000000	0.000000	0.000000
2021-03-22 11:21:03	3.6992532638E+9	2.418576E-10	1.517264E+4	4.986316E+4	2.377544E+4	0.000000E+0	5.385515E+3	0.000000E+0	0.000000E+0	0.000000E+0	0.000000E+0	241.857580E-12	3.624914E+3	1.008807E+3	32.298963E+0	NaN	168.620359E+0	0.000000E+0	0.000000E+0	0.000000E+0	-Inf	0.000000	0.000000	0.000000	0.000000
2021-03-22 11:21:40	3.6992533009E+9	2.485853E-10	1.517079E+4	4.982462E+4	2.376329E+4	0.000000E+0	5.387105E+3	0.000000E+0	0.000000E+0	0.000000E+0	0.000000E+0	248.585328E-12	3.626178E+3	1.009529E+3	32.322622E+0	NaN	168.490055E+0	0.000000E+0	0.000000E+0	0.000000E+0	-Inf	0.000000	0.000000	0.000000	0.000000
2021-03-22 11:22:15	3.6992533353E+9	2.525237E-10	1.517210E+4	4.994488E+4	2.376113E+4	0.000000E+0	5.386414E+3	0.000000E+0	0.000000E+0	0.000000E+0	0.000000E+0	252.523715E-12	3.625285E+3	1.007278E+3	32.326829E+0	NaN	168.546546E+0	0.000000E+0	0.000000E+0	0.000000E+0	-Inf	0.000000	0.000000	0.000000	0.000000
2021-03-22 11:22:50	3.6992533701E+9	2.584450E-10	1.517002E+4	4.998911E+4	2.375215E+4	0.000000E+0	5.386302E+3	0.000000E+0	0.000000E+0	0.000000E+0	0.000000E+0	258.445036E-12	3.626707E+3	1.006453E+3	32.344344E+0	NaN	168.555452E+0	0.000000E+0	0.000000E+0	0.000000E+0	-Inf	0.000000	0.000000	0.000000	0.000000
2021-03-22 11:23:26	3.6992534070E+9	2.635460E-10	1.517269E+4	4.994090E+4	2.374788E+4	0.000000E+0	5.383338E+3	0.000000E+0	0.000000E+0	0.000000E+0	0.000000E+0	263.545987E-12	3.624881E+3	1.007353E+3	32.352667E+0	NaN	168.800178E+0	0.000000E+0	0.000000E+0	0.000000E+0	-Inf	0.000000	0.000000	0.000000	0.000000
2021-03-22 11:24:02	3.6992534420E+9	2.669306E-10	1.517019E+4	4.999876E+4	2.373270E+4	0.000000E+0	5.384091E+3	0.000000E+0	0.000000E+0	0.000000E+0	0.000000E+0	266.930635E-12	3.626591E+3	1.006273E+3	32.382311E+0	NaN	168.739543E+0	0.000000E+0	0.000000E+0	0.000000E+0	-Inf	0.000000	0.000000	0.000000	0.000000
2021-03-22 11:24:36	3.6992534767E+9	2.615809E-10	1.516810E+4	4.989219E+4	2.373619E+4	0.000000E+0	5.387190E+3	0.000000E+0	0.000000E+0	0.000000E+0	0.000000E+0	261.580860E-12	3.628021E+3	1.008263E+3	32.375495E+0	NaN	168.483488E+0	0.000000E+0	0.000000E+0	0.000000E+0	-Inf	0.000000	0.000000	0.000000	0.000000
2021-03-22 11:25:11	3.6992535115E+9	2.607144E-10	1.517103E+4	4.996269E+4	2.372552E+4	0.000000E+0	5.385662E+3	0.000000E+0	0.000000E+0	0.000000E+0	0.000000E+0	260.714443E-12	3.626015E+3	1.006946E+3	32.396338E+0	NaN	168.608291E+0	0.000000E+0	0.000000E+0	0.000000E+0	-Inf	0.000000	0.000000	0.000000	0.000000
2021-03-22 11:25:46	3.6992535463E+9	2.622412E-10	1.517358E+4	4.984477E+4	2.373853E+4	0.000000E+0	5.385375E+3	0.000000E+0	0.000000E+0	0.000000E+0	0.000000E+0	262.241227E-12	3.624269E+3	1.009151E+3	32.370911E+0	NaN	168.632642E+0	0.000000E+0	0.000000E+0	0.000000E+0	-Inf	0.000000	0.000000	0.000000	0.000000
2021-03-22 11:26:20	3.6992535810E+9	2.623416E-10	1.517292E+4	4.990618E+4	2.375327E+4	0.000000E+0	5.385061E+3	0.000000E+0	0.000000E+0	0.000000E+0	0.000000E+0	262.341646E-12	3.624723E+3	1.008002E+3	32.342156E+0	NaN	168.657402E+0	0.000000E+0	0.000000E+0	0.000000E+0	-Inf	0.000000	0.000000	0.000000	0.000000
2021-03-22 11:26:56	3.6992536161E+9	2.619926E-10	1.517404E+4	4.991909E+4	2.374399E+4	0.000000E+0	5.383835E+3	0.000000E+0	0.000000E+0	0.000000E+0	0.000000E+0	261.992639E-12	3.623956E+3	1.007760E+3	32.360264E+0	NaN	168.760376E+0	0.000000E+0	0.000000E+0	0.000000E+0	-Inf	0.000000	0.000000	0.000000	0.000000
2021-03-22 11:27:30	3.6992536506E+9	2.629815E-10	1.517520E+4	4.977997E+4	2.375019E+4	0.000000E+0	5.384101E+3	0.000000E+0	0.000000E+0	0.000000E+0	0.000000E+0	262.981493E-12	3.623167E+3	1.010367E+3	32.348160E+0	NaN	168.737905E+0	0.000000E+0	0.000000E+0	0.000000E+0	-Inf	0.000000	0.000000	0.000000	0.000000
2021-03-22 11:28:05	3.6992536854E+9	2.583176E-10	1.517584E+4	4.990168E+4	2.373630E+4	0.000000E+0	5.384871E+3	0.000000E+0	0.000000E+0	0.000000E+0	0.000000E+0	258.317607E-12	3.622729E+3	1.008086E+3	32.375265E+0	NaN	168.674816E+0	0.000000E+0	0.000000E+0	0.000000E+0	-Inf	0.000000	0.000000	0.000000	0.000000
2021-03-22 11:28:40	3.6992537202E+9	2.568669E-10	1.517739E+4	4.999018E+4	2.374591E+4	0.000000E+0	5.383989E+3	0.000000E+0	0.000000E+0	0.000000E+0	0.000000E+0	256.866851E-12	3.621673E+3	1.006433E+3	32.356517E+0	NaN	168.747163E+0	0.000000E+0	0.000000E+0	0.000000E+0	-Inf	0.000000	0.000000	0.000000	0.000000
2021-03-22 11:29:15	3.6992537550E+9	2.541239E-10	1.517799E+4	4.993244E+4	2.374984E+4	0.000000E+0	5.383685E+3	0.000000E+0	0.000000E+0	0.000000E+0	0.000000E+0	254.123920E-12	3.621265E+3	1.007511E+3	32.348846E+0	NaN	168.771227E+0	0.000000E+0	0.000000E+0	0.000000E+0	-Inf	0.000000	0.000000	0.000000	0.000000
2021-03-22 11:29:52	3.6992537920E+9	2.519467E-10	1.518124E+4	4.991438E+4	2.375592E+4	0.000000E+0	5.386502E+3	0.000000E+0	0.000000E+0	0.000000E+0	0.000000E+0	251.946690E-12	3.619050E+3	1.007848E+3	32.336992E+0	NaN	168.538756E+0	0.000000E+0	0.000000E+0	0.000000E+0	-Inf	0.000000	0.000000	0.000000	0.000000
2021-03-22 11:30:28	3.6992538290E+9	2.514598E-10	1.518126E+4	4.993115E+4	2.375444E+4	0.000000E+0	5.386084E+3	0.000000E+0	0.000000E+0	0.000000E+0	0.000000E+0	251.459845E-12	3.619031E+3	1.007535E+3	32.339861E+0	NaN	168.575047E+0	0.000000E+0	0.000000E+0	0.000000E+0	-Inf	0.000000	0.000000	0.000000	0.000000
2021-03-22 11:31:25	3.6992538853E+9	2.484102E-10	1.517923E+4	4.992618E+4	2.374404E+4	0.000000E+0	5.385694E+3	0.000000E+0	0.000000E+0	0.000000E+0	0.000000E+0	248.410194E-12	3.620418E+3	1.007628E+3	32.360151E+0	NaN	168.606683E+0	0.000000E+0	0.000000E+0	0.000000E+0	-Inf	0.000000	0.000000	0.000000	0.000000
2021-03-22 11:31:58	3.6992539183E+9	2.382936E-10	1.517719E+4	4.988679E+4	2.364263E+4	0.000000E+0	5.387608E+3	0.000000E+0	0.000000E+0	0.000000E+0	0.000000E+0	238.293599E-12	3.621807E+3	1.008364E+3	32.558997E+0	NaN	168.448540E+0	0.000000E+0	0.000000E+0	0.000000E+0	-Inf	0.000000	0.000000	0.000000	0.000000
2021-03-22 11:32:33	3.6992539535E+9	2.370558E-10	1.517609E+4	4.994308E+4	2.364941E+4	0.000000E+0	5.386203E+3	0.000000E+0	0.000000E+0	0.000000E+0	0.000000E+0	237.055841E-12	3.622562E+3	1.007312E+3	32.545644E+0	NaN	168.564075E+0	0.000000E+0	0.000000E+0	0.000000E+0	-Inf	0.000000	0.000000	0.000000	0.000000
2021-03-22 11:33:07	3.6992539875E+9	2.401158E-10	1.518017E+4	4.995394E+4	2.365017E+4	0.000000E+0	5.387872E+3	0.000000E+0	0.000000E+0	0.000000E+0	0.000000E+0	240.115775E-12	3.619777E+3	1.007109E+3	32.544158E+0	NaN	168.426735E+0	0.000000E+0	0.000000E+0	0.000000E+0	-Inf	0.000000	0.000000	0.000000	0.000000
2021-03-22 11:33:42	3.6992540227E+9	2.351871E-10	1.517814E+4	4.979221E+4	2.364213E+4	0.000000E+0	5.388247E+3	0.000000E+0	0.000000E+0	0.000000E+0	0.000000E+0	235.187088E-12	3.621164E+3	1.010137E+3	32.559986E+0	NaN	168.395485E+0	0.000000E+0	0.000000E+0	0.000000E+0	-Inf	0.000000	0.000000	0.000000	0.000000
2021-03-22 11:34:15	3.6992540555E+9	2.359167E-10	1.517525E+4	4.988752E+4	2.364401E+4	0.000000E+0	5.387904E+3	0.000000E+0	0.000000E+0	0.000000E+0	0.000000E+0	235.916720E-12	3.623128E+3	1.008351E+3	32.556284E+0	NaN	168.423216E+0	0.000000E+0	0.000000E+0	0.000000E+0	-Inf	0.000000	0.000000	0.000000	0.000000
