#

Date1	Date2	R0	R1	R2	R3	R4	R5	R6	R7	R8	R9	T0	T1	T2	T3	T4	T5	T6	T7	T8	T9	I0	I1	I2	I3
Date(String)	Date(Number)	C_still	3K	Still	MC - TT1810	MC - Cernox	50 mK				50K	C_still	3K	Still	MC - TT1810	MC - Cernox	50 mK				50K	Sorb3K	3K	Still	MC
		No Calibration	RuO2-10K-NEW	RuO2 10k	TT-1810	CernoxA - mk	RuO2 1k5	No Calibration	No Calibration	No Calibration	PT1000	No Calibration	RuO2-10K-NEW	RuO2 10k	TT-1810	CernoxA - mk	RuO2 1k5	No Calibration	No Calibration	No Calibration	PT1000				
2021-03-29 15:08:12	3.6998680921E+9	3.001172E-10	1.006483E+4	1.007384E+4	1.902547E+3	3.821921E+1	1.673536E+3	0.000000E+0	0.000000E+0	0.000000E+0	1.104196E+3	300.117221E-12	38.323495E+3	87.082361E+3	8.324123E+3	291.633057E+3	14.074160E+3	0.000000E+0	0.000000E+0	0.000000E+0	299.793316E+3	0.000000	0.000000	0.000000	0.000000
2021-03-29 15:09:03	3.6998681433E+9	1.578795E-10	1.006479E+4	1.007318E+4	6.525151E+6	3.820925E+1	1.673536E+3	0.000000E+0	0.000000E+0	0.000000E+0	1.104196E+3	157.879528E-12	38.324895E+3	87.163219E+3	0.000000E+0	291.735996E+3	14.074160E+3	0.000000E+0	0.000000E+0	0.000000E+0	299.793316E+3	0.000000	0.000000	0.000000	0.000000
2021-03-29 15:09:59	3.6998681997E+9	4.768014E-10	1.006445E+4	1.007516E+4	1.434487E+7	3.819941E+1	1.673536E+3	0.000000E+0	0.000000E+0	0.000000E+0	1.104196E+3	476.801363E-12	38.339567E+3	86.919224E+3	0.000000E+0	291.837790E+3	14.074160E+3	0.000000E+0	0.000000E+0	0.000000E+0	299.793316E+3	0.000000	0.000000	0.000000	0.000000
2021-03-29 15:10:55	3.6998682560E+9	7.125154E-10	1.006476E+4	1.007442E+4	1.909134E+7	3.821498E+1	1.673536E+3	0.000000E+0	0.000000E+0	0.000000E+0	1.104196E+3	712.515444E-12	38.326296E+3	87.010019E+3	0.000000E+0	291.676839E+3	14.074160E+3	0.000000E+0	0.000000E+0	0.000000E+0	299.793316E+3	0.000000	0.000000	0.000000	0.000000
2021-03-29 15:11:52	3.6998683124E+9	8.763553E-10	1.006457E+4	1.007382E+4	-1.268158E+8	3.820543E+1	1.673536E+3	0.000000E+0	0.000000E+0	0.000000E+0	1.104196E+3	876.355330E-12	38.334664E+3	87.084736E+3	NaN	291.775516E+3	14.074160E+3	0.000000E+0	0.000000E+0	0.000000E+0	299.793316E+3	0.000000	0.000000	0.000000	0.000000
2021-03-29 15:12:50	3.6998683706E+9	1.003102E-9	1.006478E+4	1.007069E+4	2.066091E+7	3.820543E+1	1.673536E+3	0.000000E+0	0.000000E+0	0.000000E+0	1.104196E+3	1.003102E-9	38.325615E+3	87.470492E+3	0.000000E+0	291.775516E+3	14.074160E+3	0.000000E+0	0.000000E+0	0.000000E+0	299.793316E+3	0.000000	0.000000	0.000000	0.000000
2021-03-29 15:13:25	3.6998684054E+9	1.085753E-9	1.006458E+4	1.007370E+4	6.735015E+7	3.820543E+1	1.673536E+3	0.000000E+0	0.000000E+0	0.000000E+0	1.104196E+3	1.085753E-9	38.334233E+3	87.098607E+3	0.000000E+0	291.775516E+3	14.074160E+3	0.000000E+0	0.000000E+0	0.000000E+0	299.793316E+3	0.000000	0.000000	0.000000	0.000000
2021-03-29 15:14:02	3.6998684420E+9	1.155441E-9	1.006467E+4	1.007274E+4	2.086318E+7	3.820543E+1	1.673536E+3	0.000000E+0	0.000000E+0	0.000000E+0	1.104196E+3	1.155441E-9	38.330386E+3	87.217438E+3	0.000000E+0	291.775516E+3	14.074160E+3	0.000000E+0	0.000000E+0	0.000000E+0	299.793316E+3	0.000000	0.000000	0.000000	0.000000
2021-03-29 15:14:40	3.6998684808E+9	1.206932E-9	1.006441E+4	1.007259E+4	8.361121E+7	3.820543E+1	1.673536E+3	0.000000E+0	0.000000E+0	0.000000E+0	1.104196E+3	1.206932E-9	38.341462E+3	87.235314E+3	0.000000E+0	291.775516E+3	14.074160E+3	0.000000E+0	0.000000E+0	0.000000E+0	299.793316E+3	0.000000	0.000000	0.000000	0.000000
2021-03-29 15:15:17	3.6998685171E+9	1.241982E-9	1.006427E+4	1.007438E+4	2.980537E+7	3.820543E+1	1.673536E+3	0.000000E+0	0.000000E+0	0.000000E+0	1.104196E+3	1.241982E-9	38.347684E+3	87.014998E+3	0.000000E+0	291.775516E+3	14.074160E+3	0.000000E+0	0.000000E+0	0.000000E+0	299.793316E+3	0.000000	0.000000	0.000000	0.000000
2021-03-29 15:15:53	3.6998685539E+9	1.263773E-9	1.006533E+4	1.007478E+4	1.131500E+8	3.820543E+1	1.673536E+3	0.000000E+0	0.000000E+0	0.000000E+0	1.104196E+3	1.263773E-9	38.301845E+3	86.966323E+3	0.000000E+0	291.775516E+3	14.074160E+3	0.000000E+0	0.000000E+0	0.000000E+0	299.793316E+3	0.000000	0.000000	0.000000	0.000000
2021-03-29 15:16:50	3.6998686101E+9	1.283002E-9	1.006471E+4	1.007294E+4	1.597851E+3	3.820543E+1	1.673536E+3	0.000000E+0	0.000000E+0	0.000000E+0	1.104196E+3	1.283002E-9	38.328496E+3	87.192332E+3	41.486488E+3	291.775516E+3	14.074160E+3	0.000000E+0	0.000000E+0	0.000000E+0	299.793316E+3	0.000000	0.000000	0.000000	0.000000
2021-03-29 15:17:33	3.6998686531E+9	1.297077E-9	1.006459E+4	1.007437E+4	1.707046E+3	3.820543E+1	1.673536E+3	0.000000E+0	0.000000E+0	0.000000E+0	1.104196E+3	1.297077E-9	38.333780E+3	87.016076E+3	20.228354E+3	291.775516E+3	14.074160E+3	0.000000E+0	0.000000E+0	0.000000E+0	299.793316E+3	0.000000	0.000000	0.000000	0.000000
2021-03-29 15:18:09	3.6998686895E+9	1.305528E-9	1.006453E+4	1.007125E+4	1.707376E+3	3.820543E+1	1.673536E+3	0.000000E+0	0.000000E+0	0.000000E+0	1.104196E+3	1.305528E-9	38.336348E+3	87.401077E+3	20.190399E+3	291.775516E+3	14.074160E+3	0.000000E+0	0.000000E+0	0.000000E+0	299.793316E+3	0.000000	0.000000	0.000000	0.000000
2021-03-29 15:24:32	3.6998690725E+9	4.322049E-10	1.006406E+4	1.007571E+4	1.706004E+3	3.819103E+1	1.673536E+3	0.000000E+0	0.000000E+0	0.000000E+0	1.104196E+3	432.204922E-12	38.356713E+3	86.851897E+3	20.348948E+3	291.924441E+3	14.074160E+3	0.000000E+0	0.000000E+0	0.000000E+0	299.793316E+3	0.000000	0.000000	0.000000	0.000000
2021-03-29 15:25:32	3.6998691324E+9	4.718651E-10	1.006461E+4	1.007323E+4	1.707198E+3	3.822543E+1	1.589409E+3	0.000000E+0	0.000000E+0	0.000000E+0	1.104196E+3	471.865097E-12	38.332951E+3	87.156743E+3	20.210868E+3	291.568789E+3	12.309844E+3	0.000000E+0	0.000000E+0	0.000000E+0	299.793316E+3	0.000000	0.000000	0.000000	0.000000
2021-03-29 15:26:30	3.6998691907E+9	4.629947E-10	1.006454E+4	1.007393E+4	1.706673E+3	3.821541E+1	1.591192E+3	0.000000E+0	0.000000E+0	0.000000E+0	1.104196E+3	462.994672E-12	38.335640E+3	87.070774E+3	20.271366E+3	291.672409E+3	12.381319E+3	0.000000E+0	0.000000E+0	0.000000E+0	299.793316E+3	0.000000	0.000000	0.000000	0.000000
2021-03-29 15:27:28	3.6998692488E+9	4.094394E-10	1.006467E+4	1.007073E+4	1.706978E+3	3.821440E+1	1.590929E+3	0.000000E+0	0.000000E+0	0.000000E+0	1.104196E+3	409.439399E-12	38.330035E+3	87.465529E+3	20.236169E+3	291.682757E+3	12.370887E+3	0.000000E+0	0.000000E+0	0.000000E+0	299.793316E+3	0.000000	0.000000	0.000000	0.000000
2021-03-29 15:28:32	3.6998693126E+9	3.182523E-10	1.006466E+4	1.007309E+4	1.708156E+3	3.819330E+1	1.590897E+3	0.000000E+0	0.000000E+0	0.000000E+0	1.104196E+3	318.252283E-12	38.330766E+3	87.173862E+3	20.101084E+3	291.900943E+3	12.369533E+3	0.000000E+0	0.000000E+0	0.000000E+0	299.793316E+3	0.000000	0.000000	0.000000	0.000000
2021-03-29 15:29:30	3.6998693708E+9	2.167089E-10	1.006471E+4	1.007282E+4	1.706409E+3	3.822347E+1	1.590920E+3	0.000000E+0	0.000000E+0	0.000000E+0	1.104196E+3	216.708934E-12	38.328686E+3	87.207751E+3	20.301931E+3	291.589030E+3	12.370464E+3	0.000000E+0	0.000000E+0	0.000000E+0	299.793316E+3	0.000000	0.000000	0.000000	0.000000
2021-03-29 15:30:35	3.6998694353E+9	1.195492E-10	1.006445E+4	1.007383E+4	1.706671E+3	3.819769E+1	1.590918E+3	0.000000E+0	0.000000E+0	0.000000E+0	1.104196E+3	119.549244E-12	38.339513E+3	87.083060E+3	20.271657E+3	291.855548E+3	12.370431E+3	0.000000E+0	0.000000E+0	0.000000E+0	299.793316E+3	0.000000	0.000000	0.000000	0.000000
2021-03-29 15:31:35	3.6998694955E+9	4.571879E-11	1.006471E+4	1.007480E+4	1.706854E+3	3.821265E+1	1.590932E+3	0.000000E+0	0.000000E+0	0.000000E+0	1.104196E+3	45.718788E-12	38.328304E+3	86.963881E+3	20.250548E+3	291.700931E+3	12.371000E+3	0.000000E+0	0.000000E+0	0.000000E+0	299.793316E+3	0.000000	0.000000	0.000000	0.000000
2021-03-29 15:32:33	3.6998695536E+9	1.397262E-11	1.006455E+4	1.007435E+4	1.707295E+3	3.820392E+1	1.590911E+3	0.000000E+0	0.000000E+0	0.000000E+0	1.104196E+3	13.972620E-12	38.335525E+3	87.019485E+3	20.199712E+3	291.791130E+3	12.370107E+3	0.000000E+0	0.000000E+0	0.000000E+0	299.793316E+3	0.000000	0.000000	0.000000	0.000000
2021-03-29 15:33:33	3.6998696139E+9	1.572001E-11	1.006458E+4	1.007198E+4	1.706608E+3	3.821400E+1	1.590922E+3	0.000000E+0	0.000000E+0	0.000000E+0	1.104196E+3	15.720011E-12	38.333922E+3	87.311494E+3	20.278917E+3	291.686940E+3	12.370526E+3	0.000000E+0	0.000000E+0	0.000000E+0	299.793316E+3	0.000000	0.000000	0.000000	0.000000
2021-03-29 15:34:31	3.6998696718E+9	6.306327E-11	1.006475E+4	1.007294E+4	1.706927E+3	3.819250E+1	1.590916E+3	0.000000E+0	0.000000E+0	0.000000E+0	1.104196E+3	63.063267E-12	38.326645E+3	87.192498E+3	20.242107E+3	291.909180E+3	12.370325E+3	0.000000E+0	0.000000E+0	0.000000E+0	299.793316E+3	0.000000	0.000000	0.000000	0.000000
2021-03-29 15:35:29	3.6998697299E+9	1.294207E-10	1.006471E+4	1.007292E+4	1.706283E+3	3.820876E+1	1.590915E+3	0.000000E+0	0.000000E+0	0.000000E+0	1.104196E+3	129.420747E-12	38.328632E+3	87.194521E+3	20.316526E+3	291.741149E+3	12.370345E+3	0.000000E+0	0.000000E+0	0.000000E+0	299.793316E+3	0.000000	0.000000	0.000000	0.000000
2021-03-29 15:36:30	3.6998697903E+9	2.134824E-10	1.006463E+4	1.007564E+4	1.707994E+3	3.822654E+1	1.590913E+3	0.000000E+0	0.000000E+0	0.000000E+0	1.104196E+3	213.482390E-12	38.332029E+3	86.860509E+3	20.119654E+3	291.557327E+3	12.370214E+3	0.000000E+0	0.000000E+0	0.000000E+0	299.793316E+3	0.000000	0.000000	0.000000	0.000000
2021-03-29 15:37:28	3.6998698483E+9	2.877436E-10	1.006436E+4	1.007329E+4	1.706716E+3	3.822372E+1	1.590909E+3	0.000000E+0	0.000000E+0	0.000000E+0	1.104196E+3	287.743565E-12	38.343676E+3	87.148959E+3	20.266500E+3	291.586533E+3	12.370039E+3	0.000000E+0	0.000000E+0	0.000000E+0	299.793316E+3	0.000000	0.000000	0.000000	0.000000
2021-03-29 15:38:26	3.6998699064E+9	3.415376E-10	1.006460E+4	1.007294E+4	1.706244E+3	3.822623E+1	1.590903E+3	0.000000E+0	0.000000E+0	0.000000E+0	1.104196E+3	341.537556E-12	38.333241E+3	87.192397E+3	20.321022E+3	291.560545E+3	12.369807E+3	0.000000E+0	0.000000E+0	0.000000E+0	299.793316E+3	0.000000	0.000000	0.000000	0.000000
2021-03-29 15:39:24	3.6998699644E+9	3.769552E-10	1.006466E+4	1.007303E+4	1.707503E+3	3.820021E+1	1.590922E+3	0.000000E+0	0.000000E+0	0.000000E+0	1.104196E+3	376.955245E-12	38.330505E+3	87.181211E+3	20.175890E+3	291.829459E+3	12.370561E+3	0.000000E+0	0.000000E+0	0.000000E+0	299.793316E+3	0.000000	0.000000	0.000000	0.000000
2021-03-29 15:40:32	3.6998700328E+9	3.807475E-10	1.006450E+4	1.007484E+4	1.707331E+3	3.821902E+1	1.590914E+3	0.000000E+0	0.000000E+0	0.000000E+0	1.104196E+3	380.747519E-12	38.337331E+3	86.959202E+3	20.195571E+3	291.635078E+3	12.370299E+3	0.000000E+0	0.000000E+0	0.000000E+0	299.793316E+3	0.000000	0.000000	0.000000	0.000000
2021-03-29 15:41:30	3.6998700909E+9	3.581257E-10	1.006488E+4	1.007547E+4	1.707129E+3	3.822231E+1	1.590920E+3	0.000000E+0	0.000000E+0	0.000000E+0	1.104196E+3	358.125669E-12	38.321323E+3	86.881968E+3	20.218850E+3	291.601066E+3	12.370466E+3	0.000000E+0	0.000000E+0	0.000000E+0	299.793316E+3	0.000000	0.000000	0.000000	0.000000
2021-03-29 15:42:29	3.6998701491E+9	3.102892E-10	1.006468E+4	1.007448E+4	1.706508E+3	3.820944E+1	1.590922E+3	0.000000E+0	0.000000E+0	0.000000E+0	1.104196E+3	310.289220E-12	38.329778E+3	87.003045E+3	20.290439E+3	291.734061E+3	12.370559E+3	0.000000E+0	0.000000E+0	0.000000E+0	299.793316E+3	0.000000	0.000000	0.000000	0.000000
2021-03-29 15:43:32	3.6998702129E+9	2.420597E-10	1.006464E+4	1.007194E+4	1.706872E+3	3.823185E+1	1.590912E+3	0.000000E+0	0.000000E+0	0.000000E+0	1.104196E+3	242.059658E-12	38.331364E+3	87.316557E+3	20.248490E+3	291.502553E+3	12.370132E+3	0.000000E+0	0.000000E+0	0.000000E+0	299.793316E+3	0.000000	0.000000	0.000000	0.000000
2021-03-29 15:44:31	3.6998702711E+9	1.761873E-10	1.006462E+4	1.007234E+4	1.706709E+3	3.820725E+1	1.590919E+3	0.000000E+0	0.000000E+0	0.000000E+0	1.104196E+3	176.187268E-12	38.332395E+3	87.267131E+3	20.267250E+3	291.756663E+3	12.370428E+3	0.000000E+0	0.000000E+0	0.000000E+0	299.793316E+3	0.000000	0.000000	0.000000	0.000000
2021-03-29 15:45:31	3.6998703314E+9	1.208240E-10	1.006489E+4	1.007351E+4	1.707939E+3	3.821498E+1	1.590913E+3	0.000000E+0	0.000000E+0	0.000000E+0	1.104196E+3	120.823963E-12	38.320827E+3	87.122073E+3	20.125927E+3	291.676804E+3	12.370234E+3	0.000000E+0	0.000000E+0	0.000000E+0	299.793316E+3	0.000000	0.000000	0.000000	0.000000
2021-03-29 15:46:29	3.6998703893E+9	8.675428E-11	1.006479E+4	1.007175E+4	1.706744E+3	3.823633E+1	1.590918E+3	0.000000E+0	0.000000E+0	0.000000E+0	1.104196E+3	86.754278E-12	38.325212E+3	87.338995E+3	20.263255E+3	291.456208E+3	12.370413E+3	0.000000E+0	0.000000E+0	0.000000E+0	299.793316E+3	0.000000	0.000000	0.000000	0.000000
2021-03-29 15:47:27	3.6998704474E+9	7.694659E-11	1.006448E+4	1.007439E+4	1.706863E+3	3.818891E+1	1.590923E+3	0.000000E+0	0.000000E+0	0.000000E+0	1.104196E+3	76.946586E-12	38.338279E+3	87.014803E+3	20.249504E+3	291.946359E+3	12.370604E+3	0.000000E+0	0.000000E+0	0.000000E+0	299.793316E+3	0.000000	0.000000	0.000000	0.000000
2021-03-29 15:48:45	3.6998705258E+9	9.693128E-11	1.006468E+4	1.007456E+4	1.706305E+3	3.821577E+1	1.590888E+3	0.000000E+0	0.000000E+0	0.000000E+0	1.104196E+3	96.931284E-12	38.329660E+3	86.993010E+3	20.313984E+3	291.668641E+3	12.369195E+3	0.000000E+0	0.000000E+0	0.000000E+0	299.793316E+3	0.000000	0.000000	0.000000	0.000000
2021-03-29 15:52:03	3.6998707234E+9	2.438074E-10	1.006456E+4	1.007507E+4	1.706195E+3	3.821817E+1	1.590919E+3	0.000000E+0	0.000000E+0	0.000000E+0	1.104196E+3	243.807447E-12	38.335176E+3	86.930635E+3	20.326752E+3	291.643841E+3	12.370416E+3	0.000000E+0	0.000000E+0	0.000000E+0	299.793316E+3	0.000000	0.000000	0.000000	0.000000
2021-03-29 15:53:01	3.6998707813E+9	2.911994E-10	1.006453E+4	1.007445E+4	1.707463E+3	3.821553E+1	1.590920E+3	0.000000E+0	0.000000E+0	0.000000E+0	1.104196E+3	291.199379E-12	38.336300E+3	87.006782E+3	20.180462E+3	291.671146E+3	12.370549E+3	0.000000E+0	0.000000E+0	0.000000E+0	299.793316E+3	0.000000	0.000000	0.000000	0.000000
2021-03-29 15:58:36	3.6998711169E+9	2.686538E-10	1.006485E+4	1.007391E+4	1.707025E+3	3.822646E+1	1.590898E+3	0.000000E+0	0.000000E+0	0.000000E+0	1.104196E+3	268.653770E-12	38.322455E+3	87.073800E+3	20.230845E+3	291.558195E+3	12.369626E+3	0.000000E+0	0.000000E+0	0.000000E+0	299.793316E+3	0.000000	0.000000	0.000000	0.000000
2021-03-29 15:58:38	3.6998711181E+9	2.686538E-10	1.006485E+4	1.007285E+4	1.707025E+3	3.822646E+1	1.590898E+3	0.000000E+0	0.000000E+0	0.000000E+0	1.104196E+3	268.653770E-12	38.322455E+3	87.204138E+3	20.230845E+3	291.558195E+3	12.369626E+3	0.000000E+0	0.000000E+0	0.000000E+0	299.793316E+3	0.000000	0.000000	0.000000	0.000000
2021-03-29 15:59:43	3.6998711832E+9	2.230532E-10	1.006454E+4	1.007285E+4	1.707356E+3	3.822628E+1	1.590915E+3	0.000000E+0	0.000000E+0	0.000000E+0	1.104196E+3	223.053159E-12	38.335639E+3	87.204138E+3	20.192739E+3	291.560017E+3	12.370299E+3	0.000000E+0	0.000000E+0	0.000000E+0	299.793316E+3	0.000000	0.000000	0.000000	0.000000
2021-03-29 16:05:32	3.6998715327E+9	1.244784E-10	1.006481E+4	1.007352E+4	1.706217E+3	3.822507E+1	1.590929E+3	0.000000E+0	0.000000E+0	0.000000E+0	1.104196E+3	124.478405E-12	38.324240E+3	87.121357E+3	20.324136E+3	291.572543E+3	12.370828E+3	0.000000E+0	0.000000E+0	0.000000E+0	299.793316E+3	0.000000	0.000000	0.000000	0.000000
2021-03-29 16:12:26	3.6998719469E+9	3.076725E-10	1.006483E+4	1.007298E+4	1.706247E+3	3.822479E+1	1.590904E+3	0.000000E+0	0.000000E+0	0.000000E+0	1.104196E+3	307.672510E-12	38.323470E+3	87.188075E+3	20.320736E+3	291.575464E+3	12.369848E+3	0.000000E+0	0.000000E+0	0.000000E+0	299.793316E+3	0.000000	0.000000	0.000000	0.000000
2021-03-29 16:13:29	3.6998720091E+9	3.037708E-10	1.006482E+4	1.007399E+4	1.707626E+3	3.822761E+1	1.590900E+3	0.000000E+0	0.000000E+0	0.000000E+0	1.104196E+3	303.770802E-12	38.323865E+3	87.063750E+3	20.161747E+3	291.546280E+3	12.369700E+3	0.000000E+0	0.000000E+0	0.000000E+0	299.793316E+3	0.000000	0.000000	0.000000	0.000000
2021-03-29 16:14:27	3.6998720672E+9	2.836238E-10	1.006487E+4	1.007359E+4	1.706725E+3	3.822189E+1	1.590912E+3	0.000000E+0	0.000000E+0	0.000000E+0	1.104196E+3	283.623847E-12	38.321503E+3	87.112929E+3	20.265448E+3	291.605423E+3	12.370168E+3	0.000000E+0	0.000000E+0	0.000000E+0	299.793316E+3	0.000000	0.000000	0.000000	0.000000
2021-03-29 16:15:25	3.6998721254E+9	2.547788E-10	1.006472E+4	1.007221E+4	1.707000E+3	3.825671E+1	1.590927E+3	0.000000E+0	0.000000E+0	0.000000E+0	1.104196E+3	254.778768E-12	38.328245E+3	87.282253E+3	20.233651E+3	291.245809E+3	12.370776E+3	0.000000E+0	0.000000E+0	0.000000E+0	299.793316E+3	0.000000	0.000000	0.000000	0.000000
2021-03-29 16:16:31	3.6998721914E+9	2.223192E-10	1.006462E+4	1.007352E+4	1.706946E+3	3.822566E+1	1.590916E+3	0.000000E+0	0.000000E+0	0.000000E+0	1.104196E+3	222.319154E-12	38.332458E+3	87.121704E+3	20.239925E+3	291.566438E+3	12.370337E+3	0.000000E+0	0.000000E+0	0.000000E+0	299.793316E+3	0.000000	0.000000	0.000000	0.000000
2021-03-29 16:17:29	3.6998722496E+9	1.889615E-10	1.006466E+4	1.007237E+4	1.706688E+3	3.824659E+1	1.590923E+3	0.000000E+0	0.000000E+0	0.000000E+0	1.104196E+3	188.961493E-12	38.330514E+3	87.263450E+3	20.269684E+3	291.350254E+3	12.370618E+3	0.000000E+0	0.000000E+0	0.000000E+0	299.793316E+3	0.000000	0.000000	0.000000	0.000000
2021-03-29 16:18:27	3.6998723078E+9	1.591991E-10	1.006479E+4	1.007451E+4	1.707056E+3	3.825506E+1	1.590921E+3	0.000000E+0	0.000000E+0	0.000000E+0	1.104196E+3	159.199098E-12	38.324895E+3	86.999752E+3	20.227259E+3	291.262793E+3	12.370548E+3	0.000000E+0	0.000000E+0	0.000000E+0	299.793316E+3	0.000000	0.000000	0.000000	0.000000
2021-03-29 16:19:33	3.6998723739E+9	1.474041E-10	1.006468E+4	1.007310E+4	1.706877E+3	3.824642E+1	1.590893E+3	0.000000E+0	0.000000E+0	0.000000E+0	1.104196E+3	147.404140E-12	38.329690E+3	87.172656E+3	20.247838E+3	291.352035E+3	12.369370E+3	0.000000E+0	0.000000E+0	0.000000E+0	299.793316E+3	0.000000	0.000000	0.000000	0.000000
2021-03-29 16:20:31	3.6998724320E+9	1.454896E-10	1.006469E+4	1.007442E+4	1.706107E+3	3.825478E+1	1.590940E+3	0.000000E+0	0.000000E+0	0.000000E+0	1.104196E+3	145.489621E-12	38.329253E+3	87.010601E+3	20.336958E+3	291.265735E+3	12.371315E+3	0.000000E+0	0.000000E+0	0.000000E+0	299.793316E+3	0.000000	0.000000	0.000000	0.000000
2021-03-29 16:21:32	3.6998724922E+9	1.617749E-10	1.006480E+4	1.007351E+4	1.706285E+3	3.823687E+1	1.590927E+3	0.000000E+0	0.000000E+0	0.000000E+0	1.104196E+3	161.774891E-12	38.324691E+3	87.122404E+3	20.316326E+3	291.450657E+3	12.370793E+3	0.000000E+0	0.000000E+0	0.000000E+0	299.793316E+3	0.000000	0.000000	0.000000	0.000000
2021-03-29 16:22:32	3.6998725524E+9	1.853786E-10	1.006474E+4	1.007317E+4	1.706049E+3	3.825208E+1	1.590899E+3	0.000000E+0	0.000000E+0	0.000000E+0	1.104196E+3	185.378562E-12	38.327352E+3	87.163947E+3	20.343632E+3	291.293577E+3	12.369676E+3	0.000000E+0	0.000000E+0	0.000000E+0	299.793316E+3	0.000000	0.000000	0.000000	0.000000
2021-03-29 16:23:30	3.6998726103E+9	2.170199E-10	1.006476E+4	1.007357E+4	1.706564E+3	3.823106E+1	1.590913E+3	0.000000E+0	0.000000E+0	0.000000E+0	1.104196E+3	217.019901E-12	38.326268E+3	87.115189E+3	20.283976E+3	291.510697E+3	12.370251E+3	0.000000E+0	0.000000E+0	0.000000E+0	299.793316E+3	0.000000	0.000000	0.000000	0.000000
2021-03-29 16:24:30	3.6998726704E+9	2.446503E-10	1.006475E+4	1.007363E+4	1.707620E+3	3.825055E+1	1.590914E+3	0.000000E+0	0.000000E+0	0.000000E+0	1.104196E+3	244.650294E-12	38.326658E+3	87.107468E+3	20.162451E+3	291.309388E+3	12.370237E+3	0.000000E+0	0.000000E+0	0.000000E+0	299.793316E+3	0.000000	0.000000	0.000000	0.000000
2021-03-29 16:25:28	3.6998727285E+9	2.668872E-10	1.006458E+4	1.007460E+4	1.707424E+3	3.824985E+1	1.590915E+3	0.000000E+0	0.000000E+0	0.000000E+0	1.104196E+3	266.887222E-12	38.334202E+3	86.987860E+3	20.184881E+3	291.316648E+3	12.370299E+3	0.000000E+0	0.000000E+0	0.000000E+0	299.793316E+3	0.000000	0.000000	0.000000	0.000000
2021-03-29 16:26:26	3.6998727866E+9	2.783841E-10	1.006491E+4	1.007274E+4	1.706450E+3	3.824383E+1	1.590912E+3	0.000000E+0	0.000000E+0	0.000000E+0	1.104196E+3	278.384123E-12	38.319724E+3	87.217798E+3	20.297210E+3	291.378801E+3	12.370147E+3	0.000000E+0	0.000000E+0	0.000000E+0	299.793316E+3	0.000000	0.000000	0.000000	0.000000
2021-03-29 16:27:28	3.6998728488E+9	2.934391E-10	1.006468E+4	1.007308E+4	1.706686E+3	3.826251E+1	1.590938E+3	0.000000E+0	0.000000E+0	0.000000E+0	1.104196E+3	293.439098E-12	38.329859E+3	87.175322E+3	20.269890E+3	291.185978E+3	12.371209E+3	0.000000E+0	0.000000E+0	0.000000E+0	299.793316E+3	0.000000	0.000000	0.000000	0.000000
2021-03-29 16:28:29	3.6998729091E+9	2.898411E-10	1.006468E+4	1.007361E+4	1.706193E+3	3.827940E+1	1.590933E+3	0.000000E+0	0.000000E+0	0.000000E+0	1.104196E+3	289.841089E-12	38.329564E+3	87.110462E+3	20.327032E+3	291.011701E+3	12.371005E+3	0.000000E+0	0.000000E+0	0.000000E+0	299.793316E+3	0.000000	0.000000	0.000000	0.000000
2021-03-29 16:29:27	3.6998729673E+9	2.727601E-10	1.006494E+4	1.007312E+4	1.706806E+3	3.823703E+1	1.590921E+3	0.000000E+0	0.000000E+0	0.000000E+0	1.104196E+3	272.760092E-12	38.318539E+3	87.170571E+3	20.256098E+3	291.448985E+3	12.370514E+3	0.000000E+0	0.000000E+0	0.000000E+0	299.793316E+3	0.000000	0.000000	0.000000	0.000000
2021-03-29 16:30:27	3.6998730272E+9	2.442679E-10	1.006480E+4	1.007135E+4	1.707152E+3	3.822782E+1	1.590926E+3	0.000000E+0	0.000000E+0	0.000000E+0	1.104196E+3	244.267905E-12	38.324786E+3	87.389091E+3	20.216154E+3	291.544165E+3	12.370756E+3	0.000000E+0	0.000000E+0	0.000000E+0	299.793316E+3	0.000000	0.000000	0.000000	0.000000
2021-03-29 16:31:27	3.6998730877E+9	2.157325E-10	1.006438E+4	1.007211E+4	1.707077E+3	3.826076E+1	1.590906E+3	0.000000E+0	0.000000E+0	0.000000E+0	1.104196E+3	215.732479E-12	38.342933E+3	87.294458E+3	20.224765E+3	291.204028E+3	12.369921E+3	0.000000E+0	0.000000E+0	0.000000E+0	299.793316E+3	0.000000	0.000000	0.000000	0.000000
2021-03-29 16:32:27	3.6998731477E+9	1.912726E-10	1.006489E+4	1.007283E+4	1.706190E+3	3.822973E+1	1.590930E+3	0.000000E+0	0.000000E+0	0.000000E+0	1.104196E+3	191.272570E-12	38.320744E+3	87.205812E+3	20.327324E+3	291.524437E+3	12.370846E+3	0.000000E+0	0.000000E+0	0.000000E+0	299.793316E+3	0.000000	0.000000	0.000000	0.000000
2021-03-29 16:33:30	3.6998732101E+9	1.727366E-10	1.006485E+4	1.007298E+4	1.706928E+3	3.825424E+1	1.590927E+3	0.000000E+0	0.000000E+0	0.000000E+0	1.104196E+3	172.736613E-12	38.322387E+3	87.187923E+3	20.241995E+3	291.271328E+3	12.370787E+3	0.000000E+0	0.000000E+0	0.000000E+0	299.793316E+3	0.000000	0.000000	0.000000	0.000000
2021-03-29 16:34:30	3.6998732701E+9	1.607042E-10	1.006496E+4	1.007396E+4	1.706569E+3	3.823475E+1	1.590921E+3	0.000000E+0	0.000000E+0	0.000000E+0	1.104196E+3	160.704215E-12	38.317871E+3	87.067554E+3	20.283427E+3	291.472597E+3	12.370457E+3	0.000000E+0	0.000000E+0	0.000000E+0	299.793316E+3	0.000000	0.000000	0.000000	0.000000
2021-03-29 16:35:30	3.6998733304E+9	1.570055E-10	1.006511E+4	1.007182E+4	1.707310E+3	3.823689E+1	1.590912E+3	0.000000E+0	0.000000E+0	0.000000E+0	1.104196E+3	157.005541E-12	38.311177E+3	87.330230E+3	20.197970E+3	291.450420E+3	12.370148E+3	0.000000E+0	0.000000E+0	0.000000E+0	299.793316E+3	0.000000	0.000000	0.000000	0.000000
2021-03-29 16:36:32	3.6998733926E+9	1.661260E-10	1.006463E+4	1.007272E+4	1.707096E+3	3.821198E+1	1.590918E+3	0.000000E+0	0.000000E+0	0.000000E+0	1.104196E+3	166.126021E-12	38.331844E+3	87.219222E+3	20.222614E+3	291.707820E+3	12.370381E+3	0.000000E+0	0.000000E+0	0.000000E+0	299.793316E+3	0.000000	0.000000	0.000000	0.000000
2021-03-29 16:37:32	3.6998734529E+9	1.871760E-10	1.006463E+4	1.007559E+4	1.706766E+3	3.824320E+1	1.590914E+3	0.000000E+0	0.000000E+0	0.000000E+0	1.104196E+3	187.175992E-12	38.331973E+3	86.866742E+3	20.260683E+3	291.385241E+3	12.370272E+3	0.000000E+0	0.000000E+0	0.000000E+0	299.793316E+3	0.000000	0.000000	0.000000	0.000000
2021-03-29 16:38:36	3.6998735169E+9	2.113438E-10	1.006459E+4	1.007253E+4	1.706641E+3	3.824967E+1	1.590935E+3	0.000000E+0	0.000000E+0	0.000000E+0	1.104196E+3	211.343815E-12	38.333865E+3	87.243804E+3	20.275153E+3	291.318528E+3	12.371035E+3	0.000000E+0	0.000000E+0	0.000000E+0	299.793316E+3	0.000000	0.000000	0.000000	0.000000
2021-03-29 16:39:35	3.6998735751E+9	2.355415E-10	1.006481E+4	1.007394E+4	1.706911E+3	3.821326E+1	1.590934E+3	0.000000E+0	0.000000E+0	0.000000E+0	1.104196E+3	235.541521E-12	38.324246E+3	87.070150E+3	20.243995E+3	291.694603E+3	12.371032E+3	0.000000E+0	0.000000E+0	0.000000E+0	299.793316E+3	0.000000	0.000000	0.000000	0.000000
2021-03-29 16:40:39	3.6998736395E+9	2.586418E-10	1.006442E+4	1.007318E+4	1.706885E+3	3.824208E+1	1.590945E+3	0.000000E+0	0.000000E+0	0.000000E+0	1.104196E+3	258.641775E-12	38.341087E+3	87.163533E+3	20.246994E+3	291.396844E+3	12.371515E+3	0.000000E+0	0.000000E+0	0.000000E+0	299.793316E+3	0.000000	0.000000	0.000000	0.000000
2021-03-29 16:41:37	3.6998736979E+9	2.733689E-10	1.006505E+4	1.007334E+4	1.707055E+3	3.824018E+1	1.590912E+3	0.000000E+0	0.000000E+0	0.000000E+0	1.104196E+3	273.368917E-12	38.313883E+3	87.143788E+3	20.227319E+3	291.416460E+3	12.370146E+3	0.000000E+0	0.000000E+0	0.000000E+0	299.793316E+3	0.000000	0.000000	0.000000	0.000000
2021-03-29 16:42:35	3.6998737559E+9	2.820800E-10	1.006465E+4	1.007438E+4	1.706277E+3	3.826144E+1	1.590920E+3	0.000000E+0	0.000000E+0	0.000000E+0	1.104196E+3	282.079987E-12	38.331140E+3	87.015881E+3	20.317222E+3	291.196980E+3	12.370451E+3	0.000000E+0	0.000000E+0	0.000000E+0	299.793316E+3	0.000000	0.000000	0.000000	0.000000
2021-03-29 16:43:38	3.6998738181E+9	2.833277E-10	1.006511E+4	1.007544E+4	1.706390E+3	3.823878E+1	1.590929E+3	0.000000E+0	0.000000E+0	0.000000E+0	1.104196E+3	283.327669E-12	38.311350E+3	86.885654E+3	20.304147E+3	291.430915E+3	12.370853E+3	0.000000E+0	0.000000E+0	0.000000E+0	299.793316E+3	0.000000	0.000000	0.000000	0.000000
2021-03-29 16:44:38	3.6998738785E+9	2.680777E-10	1.006483E+4	1.007352E+4	1.705834E+3	3.824814E+1	1.590920E+3	0.000000E+0	0.000000E+0	0.000000E+0	1.104196E+3	268.077675E-12	38.323148E+3	87.121670E+3	20.368699E+3	291.334270E+3	12.370511E+3	0.000000E+0	0.000000E+0	0.000000E+0	299.793316E+3	0.000000	0.000000	0.000000	0.000000
2021-03-29 16:45:38	3.6998739386E+9	2.454121E-10	1.006487E+4	1.007581E+4	1.705776E+3	3.822500E+1	1.590923E+3	0.000000E+0	0.000000E+0	0.000000E+0	1.104196E+3	245.412096E-12	38.321587E+3	86.839926E+3	20.375461E+3	291.573229E+3	12.370657E+3	0.000000E+0	0.000000E+0	0.000000E+0	299.793316E+3	0.000000	0.000000	0.000000	0.000000
2021-03-29 16:46:46	3.6998740068E+9	2.206379E-10	1.006490E+4	1.007457E+4	1.706012E+3	3.826142E+1	1.590933E+3	0.000000E+0	0.000000E+0	0.000000E+0	1.104196E+3	220.637890E-12	38.320247E+3	86.991817E+3	20.347930E+3	291.197155E+3	12.370993E+3	0.000000E+0	0.000000E+0	0.000000E+0	299.793316E+3	0.000000	0.000000	0.000000	0.000000
2021-03-29 16:47:44	3.6998740648E+9	1.965373E-10	1.006491E+4	1.007469E+4	1.705877E+3	3.824756E+1	1.590928E+3	0.000000E+0	0.000000E+0	0.000000E+0	1.104196E+3	196.537308E-12	38.319965E+3	86.977470E+3	20.363679E+3	291.340280E+3	12.370825E+3	0.000000E+0	0.000000E+0	0.000000E+0	299.793316E+3	0.000000	0.000000	0.000000	0.000000
2021-03-29 16:48:43	3.6998741231E+9	1.762604E-10	1.006484E+4	1.007245E+4	1.706709E+3	3.823992E+1	1.590918E+3	0.000000E+0	0.000000E+0	0.000000E+0	1.104196E+3	176.260434E-12	38.323086E+3	87.253602E+3	20.267272E+3	291.419191E+3	12.370393E+3	0.000000E+0	0.000000E+0	0.000000E+0	299.793316E+3	0.000000	0.000000	0.000000	0.000000
2021-03-29 16:49:46	3.6998741870E+9	1.699444E-10	1.006490E+4	1.007160E+4	1.706562E+3	3.825258E+1	1.590931E+3	0.000000E+0	0.000000E+0	0.000000E+0	1.104196E+3	169.944432E-12	38.320268E+3	87.358006E+3	20.284294E+3	291.288421E+3	12.370930E+3	0.000000E+0	0.000000E+0	0.000000E+0	299.793316E+3	0.000000	0.000000	0.000000	0.000000
2021-03-29 16:50:47	3.6998742477E+9	1.670379E-10	1.006448E+4	1.007313E+4	1.705722E+3	3.825084E+1	1.590922E+3	0.000000E+0	0.000000E+0	0.000000E+0	1.104196E+3	167.037905E-12	38.338458E+3	87.169514E+3	20.381667E+3	291.306373E+3	12.370578E+3	0.000000E+0	0.000000E+0	0.000000E+0	299.793316E+3	0.000000	0.000000	0.000000	0.000000
2021-03-29 16:51:48	3.6998743081E+9	1.701472E-10	1.006501E+4	1.007398E+4	1.706341E+3	3.824021E+1	1.590910E+3	0.000000E+0	0.000000E+0	0.000000E+0	1.104196E+3	170.147230E-12	38.315375E+3	87.064117E+3	20.309862E+3	291.416171E+3	12.370064E+3	0.000000E+0	0.000000E+0	0.000000E+0	299.793316E+3	0.000000	0.000000	0.000000	0.000000
2021-03-29 16:52:46	3.6998743661E+9	1.886246E-10	1.006473E+4	1.007605E+4	1.706438E+3	3.825558E+1	1.590926E+3	0.000000E+0	0.000000E+0	0.000000E+0	1.104196E+3	188.624607E-12	38.327607E+3	86.810040E+3	20.298602E+3	291.257435E+3	12.370718E+3	0.000000E+0	0.000000E+0	0.000000E+0	299.793316E+3	0.000000	0.000000	0.000000	0.000000
2021-03-29 16:53:44	3.6998744242E+9	2.132322E-10	1.006478E+4	1.007432E+4	1.705915E+3	3.823439E+1	1.590913E+3	0.000000E+0	0.000000E+0	0.000000E+0	1.104196E+3	213.232153E-12	38.325639E+3	87.022909E+3	20.359297E+3	291.476310E+3	12.370216E+3	0.000000E+0	0.000000E+0	0.000000E+0	299.793316E+3	0.000000	0.000000	0.000000	0.000000
2021-03-29 16:54:46	3.6998744866E+9	2.366993E-10	1.006471E+4	1.007468E+4	1.706685E+3	3.825961E+1	1.590920E+3	0.000000E+0	0.000000E+0	0.000000E+0	1.104196E+3	236.699275E-12	38.328484E+3	86.978326E+3	20.270011E+3	291.215830E+3	12.370522E+3	0.000000E+0	0.000000E+0	0.000000E+0	299.793316E+3	0.000000	0.000000	0.000000	0.000000
2021-03-29 16:55:48	3.6998745489E+9	2.535399E-10	1.006469E+4	1.007351E+4	1.706748E+3	3.824964E+1	1.590932E+3	0.000000E+0	0.000000E+0	0.000000E+0	1.104196E+3	253.539870E-12	38.329440E+3	87.122071E+3	20.262731E+3	291.318796E+3	12.370999E+3	0.000000E+0	0.000000E+0	0.000000E+0	299.793316E+3	0.000000	0.000000	0.000000	0.000000
2021-03-29 16:56:49	3.6998746093E+9	2.619803E-10	1.006462E+4	1.007260E+4	1.706961E+3	3.824713E+1	1.590923E+3	0.000000E+0	0.000000E+0	0.000000E+0	1.104196E+3	261.980338E-12	38.332295E+3	87.234222E+3	20.238130E+3	291.344724E+3	12.370586E+3	0.000000E+0	0.000000E+0	0.000000E+0	299.793316E+3	0.000000	0.000000	0.000000	0.000000
2021-03-29 16:57:51	3.6998746714E+9	2.748472E-10	1.006470E+4	1.007384E+4	1.706250E+3	3.824773E+1	1.590927E+3	0.000000E+0	0.000000E+0	0.000000E+0	1.104196E+3	274.847217E-12	38.328816E+3	87.082323E+3	20.320400E+3	291.338564E+3	12.370791E+3	0.000000E+0	0.000000E+0	0.000000E+0	299.793316E+3	0.000000	0.000000	0.000000	0.000000
2021-03-29 16:58:51	3.6998747318E+9	2.731153E-10	1.006500E+4	1.007290E+4	1.706503E+3	3.822860E+1	1.590924E+3	0.000000E+0	0.000000E+0	0.000000E+0	1.104196E+3	273.115309E-12	38.316055E+3	87.197758E+3	20.291077E+3	291.536031E+3	12.370679E+3	0.000000E+0	0.000000E+0	0.000000E+0	299.793316E+3	0.000000	0.000000	0.000000	0.000000
2021-03-29 16:59:49	3.6998747897E+9	2.623860E-10	1.006474E+4	1.007566E+4	1.706814E+3	3.827601E+1	1.590918E+3	0.000000E+0	0.000000E+0	0.000000E+0	1.104196E+3	262.386002E-12	38.327127E+3	86.858391E+3	20.255098E+3	291.046631E+3	12.370420E+3	0.000000E+0	0.000000E+0	0.000000E+0	299.793316E+3	0.000000	0.000000	0.000000	0.000000
2021-03-29 17:00:52	3.6998748520E+9	2.416186E-10	1.006464E+4	1.007268E+4	1.706544E+3	3.825061E+1	1.590910E+3	0.000000E+0	0.000000E+0	0.000000E+0	1.104196E+3	241.618574E-12	38.331413E+3	87.225303E+3	20.286379E+3	291.308782E+3	12.370122E+3	0.000000E+0	0.000000E+0	0.000000E+0	299.793316E+3	0.000000	0.000000	0.000000	0.000000
2021-03-29 17:01:51	3.6998749120E+9	2.164147E-10	1.006481E+4	1.007367E+4	1.706225E+3	3.825015E+1	1.590935E+3	0.000000E+0	0.000000E+0	0.000000E+0	1.104196E+3	216.414702E-12	38.324137E+3	87.102686E+3	20.323229E+3	291.313512E+3	12.371082E+3	0.000000E+0	0.000000E+0	0.000000E+0	299.793316E+3	0.000000	0.000000	0.000000	0.000000
2021-03-29 17:02:52	3.6998749724E+9	1.953405E-10	1.006461E+4	1.007317E+4	1.706980E+3	3.825328E+1	1.590923E+3	0.000000E+0	0.000000E+0	0.000000E+0	1.104196E+3	195.340520E-12	38.332688E+3	87.163935E+3	20.236038E+3	291.281258E+3	12.370557E+3	0.000000E+0	0.000000E+0	0.000000E+0	299.793316E+3	0.000000	0.000000	0.000000	0.000000
2021-03-29 17:03:52	3.6998750326E+9	1.738080E-10	1.006486E+4	1.007177E+4	1.706730E+3	3.824226E+1	1.590932E+3	0.000000E+0	0.000000E+0	0.000000E+0	1.104196E+3	173.807955E-12	38.322149E+3	87.337619E+3	20.264886E+3	291.395009E+3	12.370941E+3	0.000000E+0	0.000000E+0	0.000000E+0	299.793316E+3	0.000000	0.000000	0.000000	0.000000
2021-03-29 17:04:52	3.6998750926E+9	1.626880E-10	1.006492E+4	1.007423E+4	1.707144E+3	3.825826E+1	1.590906E+3	0.000000E+0	0.000000E+0	0.000000E+0	1.104196E+3	162.688023E-12	38.319442E+3	87.034448E+3	20.217073E+3	291.229819E+3	12.369920E+3	0.000000E+0	0.000000E+0	0.000000E+0	299.793316E+3	0.000000	0.000000	0.000000	0.000000
2021-03-29 17:05:50	3.6998751509E+9	1.589992E-10	1.006469E+4	1.007154E+4	1.706566E+3	3.823981E+1	1.590899E+3	0.000000E+0	0.000000E+0	0.000000E+0	1.104196E+3	158.999153E-12	38.329247E+3	87.365824E+3	20.283785E+3	291.420297E+3	12.369631E+3	0.000000E+0	0.000000E+0	0.000000E+0	299.793316E+3	0.000000	0.000000	0.000000	0.000000
2021-03-29 17:06:51	3.6998752111E+9	1.719693E-10	1.006470E+4	1.007265E+4	1.706526E+3	3.823257E+1	1.590925E+3	0.000000E+0	0.000000E+0	0.000000E+0	1.104196E+3	171.969270E-12	38.328729E+3	87.228837E+3	20.288455E+3	291.495095E+3	12.370696E+3	0.000000E+0	0.000000E+0	0.000000E+0	299.793316E+3	0.000000	0.000000	0.000000	0.000000
2021-03-29 17:07:49	3.6998752691E+9	1.886352E-10	1.006465E+4	1.007488E+4	1.706418E+3	3.823559E+1	1.590917E+3	0.000000E+0	0.000000E+0	0.000000E+0	1.104196E+3	188.635222E-12	38.330959E+3	86.954229E+3	20.300961E+3	291.463829E+3	12.370340E+3	0.000000E+0	0.000000E+0	0.000000E+0	299.793316E+3	0.000000	0.000000	0.000000	0.000000
2021-03-29 17:08:47	3.6998753273E+9	2.142738E-10	1.006459E+4	1.007483E+4	1.706591E+3	3.824072E+1	1.590926E+3	0.000000E+0	0.000000E+0	0.000000E+0	1.104196E+3	214.273833E-12	38.333684E+3	86.960398E+3	20.280921E+3	291.410942E+3	12.370746E+3	0.000000E+0	0.000000E+0	0.000000E+0	299.793316E+3	0.000000	0.000000	0.000000	0.000000
2021-03-29 17:09:47	3.6998753873E+9	2.412156E-10	1.006455E+4	1.007289E+4	1.706187E+3	3.825083E+1	1.590916E+3	0.000000E+0	0.000000E+0	0.000000E+0	1.104196E+3	241.215633E-12	38.335353E+3	87.198807E+3	20.327670E+3	291.306473E+3	12.370277E+3	0.000000E+0	0.000000E+0	0.000000E+0	299.793316E+3	0.000000	0.000000	0.000000	0.000000
2021-03-29 17:10:45	3.6998754454E+9	2.613745E-10	1.006491E+4	1.007209E+4	1.706813E+3	3.823299E+1	1.590913E+3	0.000000E+0	0.000000E+0	0.000000E+0	1.104196E+3	261.374547E-12	38.319670E+3	87.297166E+3	20.255270E+3	291.490708E+3	12.370203E+3	0.000000E+0	0.000000E+0	0.000000E+0	299.793316E+3	0.000000	0.000000	0.000000	0.000000
2021-03-29 17:11:45	3.6998755057E+9	2.697768E-10	1.006484E+4	1.007377E+4	1.706622E+3	3.824246E+1	1.590900E+3	0.000000E+0	0.000000E+0	0.000000E+0	1.104196E+3	269.776847E-12	38.322694E+3	87.089914E+3	20.277279E+3	291.392900E+3	12.369714E+3	0.000000E+0	0.000000E+0	0.000000E+0	299.793316E+3	0.000000	0.000000	0.000000	0.000000
2021-03-29 17:12:50	3.6998755701E+9	2.777068E-10	1.006455E+4	1.007498E+4	1.706878E+3	3.825699E+1	1.590914E+3	0.000000E+0	0.000000E+0	0.000000E+0	1.104196E+3	277.706830E-12	38.335192E+3	86.941908E+3	20.247764E+3	291.242935E+3	12.370215E+3	0.000000E+0	0.000000E+0	0.000000E+0	299.793316E+3	0.000000	0.000000	0.000000	0.000000
2021-03-29 17:13:50	3.6998756303E+9	2.772882E-10	1.006470E+4	1.007308E+4	1.706803E+3	3.823564E+1	1.590904E+3	0.000000E+0	0.000000E+0	0.000000E+0	1.104196E+3	277.288238E-12	38.328793E+3	87.175297E+3	20.256362E+3	291.463404E+3	12.369868E+3	0.000000E+0	0.000000E+0	0.000000E+0	299.793316E+3	0.000000	0.000000	0.000000	0.000000
2021-03-29 17:14:48	3.6998756882E+9	2.674079E-10	1.006516E+4	1.007239E+4	1.706882E+3	3.824976E+1	1.590915E+3	0.000000E+0	0.000000E+0	0.000000E+0	1.104196E+3	267.407884E-12	38.309295E+3	87.260383E+3	20.247288E+3	291.317590E+3	12.370292E+3	0.000000E+0	0.000000E+0	0.000000E+0	299.793316E+3	0.000000	0.000000	0.000000	0.000000
2021-03-29 17:15:48	3.6998757485E+9	2.445628E-10	1.006467E+4	1.007519E+4	1.706398E+3	3.824438E+1	1.590925E+3	0.000000E+0	0.000000E+0	0.000000E+0	1.104196E+3	244.562822E-12	38.330221E+3	86.915909E+3	20.303277E+3	291.373137E+3	12.370678E+3	0.000000E+0	0.000000E+0	0.000000E+0	299.793316E+3	0.000000	0.000000	0.000000	0.000000
2021-03-29 17:16:46	3.6998758066E+9	2.201635E-10	1.006436E+4	1.007140E+4	1.706759E+3	3.825068E+1	1.590914E+3	0.000000E+0	0.000000E+0	0.000000E+0	1.104196E+3	220.163472E-12	38.343520E+3	87.383336E+3	20.261517E+3	291.308069E+3	12.370173E+3	0.000000E+0	0.000000E+0	0.000000E+0	299.793316E+3	0.000000	0.000000	0.000000	0.000000
2021-03-29 17:17:44	3.6998758648E+9	1.962208E-10	1.006465E+4	1.007231E+4	1.706365E+3	3.823634E+1	1.590904E+3	0.000000E+0	0.000000E+0	0.000000E+0	1.104196E+3	196.220811E-12	38.331094E+3	87.270478E+3	20.307072E+3	291.456092E+3	12.369904E+3	0.000000E+0	0.000000E+0	0.000000E+0	299.793316E+3	0.000000	0.000000	0.000000	0.000000
2021-03-29 17:18:44	3.6998759248E+9	1.799306E-10	1.006494E+4	1.007336E+4	1.706259E+3	3.825647E+1	1.590920E+3	0.000000E+0	0.000000E+0	0.000000E+0	1.104196E+3	179.930589E-12	38.318656E+3	87.140959E+3	20.319362E+3	291.248281E+3	12.370494E+3	0.000000E+0	0.000000E+0	0.000000E+0	299.793316E+3	0.000000	0.000000	0.000000	0.000000
2021-03-29 17:19:43	3.6998759832E+9	1.664991E-10	1.006459E+4	1.007222E+4	1.706865E+3	3.824324E+1	1.590921E+3	0.000000E+0	0.000000E+0	0.000000E+0	1.104196E+3	166.499139E-12	38.333669E+3	87.281736E+3	20.249284E+3	291.384847E+3	12.370521E+3	0.000000E+0	0.000000E+0	0.000000E+0	299.793316E+3	0.000000	0.000000	0.000000	0.000000
2021-03-31 11:05:24	3.7000263249E+9	1.664991E-10	1.009739E+4	1.010249E+4	1.705948E+3	5.899147E+1	1.590914E+3	0.000000E+0	0.000000E+0	0.000000E+0	1.006448E+2	166.499139E-12	36.955466E+3	83.657999E+3	20.355456E+3	140.745527E+3	12.370210E+3	0.000000E+0	0.000000E+0	0.000000E+0	51.964609E+3	25.000000	0.000000	0.000000	0.000000
2021-03-31 11:06:02	3.7000263622E+9	1.664991E-10	1.009750E+4	1.010191E+4	1.705948E+3	5.899965E+1	1.590914E+3	0.000000E+0	0.000000E+0	0.000000E+0	1.006425E+2	166.499139E-12	36.950784E+3	83.724950E+3	20.355456E+3	140.707271E+3	12.370210E+3	0.000000E+0	0.000000E+0	0.000000E+0	51.964016E+3	25.000000	0.000000	0.000000	0.000000
2021-03-31 11:06:41	3.7000264016E+9	1.664991E-10	1.009766E+4	1.010073E+4	1.705948E+3	5.901238E+1	1.590914E+3	0.000000E+0	0.000000E+0	0.000000E+0	1.006298E+2	166.499139E-12	36.944236E+3	83.862670E+3	20.355456E+3	140.647757E+3	12.370210E+3	0.000000E+0	0.000000E+0	0.000000E+0	51.960776E+3	25.000000	0.000000	0.000000	0.000000
2021-03-31 11:07:18	3.7000264389E+9	1.664991E-10	1.009763E+4	1.010100E+4	1.705948E+3	5.899921E+1	1.590914E+3	0.000000E+0	0.000000E+0	0.000000E+0	1.006248E+2	166.499139E-12	36.945723E+3	83.830817E+3	20.355456E+3	140.709337E+3	12.370210E+3	0.000000E+0	0.000000E+0	0.000000E+0	51.959489E+3	25.000000	0.000000	0.000000	0.000000
2021-03-31 11:07:56	3.7000264763E+9	1.664991E-10	1.009754E+4	1.010297E+4	1.705948E+3	5.902994E+1	1.590914E+3	0.000000E+0	0.000000E+0	0.000000E+0	1.006204E+2	166.499139E-12	36.949324E+3	83.601840E+3	20.355456E+3	140.565722E+3	12.370210E+3	0.000000E+0	0.000000E+0	0.000000E+0	51.958371E+3	25.000000	0.000000	0.000000	0.000000
2021-03-31 11:08:33	3.7000265135E+9	1.664991E-10	1.009763E+4	1.010297E+4	1.705948E+3	5.905069E+1	1.590914E+3	0.000000E+0	0.000000E+0	0.000000E+0	1.006142E+2	166.499139E-12	36.945561E+3	83.601245E+3	20.355456E+3	140.468880E+3	12.370210E+3	0.000000E+0	0.000000E+0	0.000000E+0	51.956764E+3	25.000000	0.000000	0.000000	0.000000
2021-03-31 11:09:10	3.7000265509E+9	1.664991E-10	1.009753E+4	1.010339E+4	1.705948E+3	5.904047E+1	1.590914E+3	0.000000E+0	0.000000E+0	0.000000E+0	1.006114E+2	166.499139E-12	36.949665E+3	83.553444E+3	20.355456E+3	140.516589E+3	12.370210E+3	0.000000E+0	0.000000E+0	0.000000E+0	51.956050E+3	25.000000	0.000000	0.000000	0.000000
2021-03-31 11:09:48	3.7000265883E+9	1.664991E-10	1.009768E+4	1.010345E+4	1.705948E+3	5.905368E+1	1.590914E+3	0.000000E+0	0.000000E+0	0.000000E+0	1.006070E+2	166.499139E-12	36.943418E+3	83.545821E+3	20.355456E+3	140.454935E+3	12.370210E+3	0.000000E+0	0.000000E+0	0.000000E+0	51.954938E+3	25.000000	0.000000	0.000000	0.000000
2021-03-31 11:10:25	3.7000266256E+9	1.664991E-10	1.009770E+4	1.010188E+4	1.705948E+3	5.905140E+1	1.590914E+3	0.000000E+0	0.000000E+0	0.000000E+0	1.006009E+2	166.499139E-12	36.942625E+3	83.727860E+3	20.355456E+3	140.465594E+3	12.370210E+3	0.000000E+0	0.000000E+0	0.000000E+0	51.953371E+3	25.000000	0.000000	0.000000	0.000000
2021-03-31 11:11:02	3.7000266629E+9	1.664991E-10	1.009785E+4	1.010109E+4	1.705948E+3	5.905726E+1	1.590914E+3	0.000000E+0	0.000000E+0	0.000000E+0	1.006085E+2	166.499139E-12	36.936423E+3	83.820382E+3	20.355456E+3	140.438252E+3	12.370210E+3	0.000000E+0	0.000000E+0	0.000000E+0	51.955325E+3	25.000000	0.000000	0.000000	0.000000
2021-03-31 11:11:40	3.7000267003E+9	1.664991E-10	1.009783E+4	1.010195E+4	1.705948E+3	5.907820E+1	1.590914E+3	0.000000E+0	0.000000E+0	0.000000E+0	1.006114E+2	166.499139E-12	36.937260E+3	83.719994E+3	20.355456E+3	140.340624E+3	12.370210E+3	0.000000E+0	0.000000E+0	0.000000E+0	51.956049E+3	25.000000	0.000000	0.000000	0.000000
2021-03-31 11:12:19	3.7000267398E+9	1.664991E-10	1.009794E+4	1.010197E+4	1.705948E+3	5.909180E+1	1.590914E+3	0.000000E+0	0.000000E+0	0.000000E+0	1.006224E+2	166.499139E-12	36.932959E+3	83.718341E+3	20.355456E+3	140.277244E+3	12.370210E+3	0.000000E+0	0.000000E+0	0.000000E+0	51.958865E+3	25.000000	0.000000	0.000000	0.000000
2021-03-31 11:12:56	3.7000267770E+9	1.664991E-10	1.009794E+4	1.010293E+4	1.705948E+3	5.908435E+1	1.590914E+3	0.000000E+0	0.000000E+0	0.000000E+0	1.006194E+2	166.499139E-12	36.932963E+3	83.606090E+3	20.355456E+3	140.311967E+3	12.370210E+3	0.000000E+0	0.000000E+0	0.000000E+0	51.958098E+3	25.000000	0.000000	0.000000	0.000000
2021-03-31 11:13:34	3.7000268144E+9	1.664991E-10	1.009792E+4	1.010290E+4	1.705948E+3	5.908161E+1	1.590914E+3	0.000000E+0	0.000000E+0	0.000000E+0	1.006203E+2	166.499139E-12	36.933632E+3	83.609869E+3	20.355456E+3	140.324725E+3	12.370210E+3	0.000000E+0	0.000000E+0	0.000000E+0	51.958325E+3	25.000000	0.000000	0.000000	0.000000
2021-03-31 11:14:11	3.7000268515E+9	1.664991E-10	1.009798E+4	1.010410E+4	1.705948E+3	5.911386E+1	1.590914E+3	0.000000E+0	0.000000E+0	0.000000E+0	1.006229E+2	166.499139E-12	36.931403E+3	83.470413E+3	20.355456E+3	140.174524E+3	12.370210E+3	0.000000E+0	0.000000E+0	0.000000E+0	51.958997E+3	25.000000	0.000000	0.000000	0.000000
2021-03-31 11:14:48	3.7000268890E+9	1.664991E-10	1.009792E+4	1.010236E+4	1.705948E+3	5.910831E+1	1.590914E+3	0.000000E+0	0.000000E+0	0.000000E+0	1.006268E+2	166.499139E-12	36.933649E+3	83.671968E+3	20.355456E+3	140.200365E+3	12.370210E+3	0.000000E+0	0.000000E+0	0.000000E+0	51.960011E+3	25.000000	0.000000	0.000000	0.000000
2021-03-31 11:15:57	3.7000269573E+9	1.664991E-10	1.009804E+4	1.010362E+4	1.693189E+3	5.913620E+1	1.590914E+3	0.000000E+0	0.000000E+0	0.000000E+0	1.006387E+2	166.499139E-12	36.928745E+3	83.526308E+3	21.919546E+3	140.070647E+3	12.370210E+3	0.000000E+0	0.000000E+0	0.000000E+0	51.963043E+3	25.000000	0.000000	0.000000	0.000000
2021-03-31 11:17:47	3.7000270676E+9	2.880671E-9	1.009780E+4	1.010200E+4	1.693984E+3	5.913189E+1	1.607113E+3	0.000000E+0	0.000000E+0	0.000000E+0	1.006459E+2	2.880671E-9	36.938833E+3	83.714685E+3	21.817184E+3	140.090685E+3	12.952693E+3	0.000000E+0	0.000000E+0	0.000000E+0	51.964893E+3	25.000000	0.000000	0.000000	0.000000
2021-03-31 11:18:52	3.7000271326E+9	2.880671E-9	1.009780E+4	1.010431E+4	1.693130E+3	5.915069E+1	1.607084E+3	0.000000E+0	0.000000E+0	0.000000E+0	1.006399E+2	2.880671E-9	36.938749E+3	83.446510E+3	21.927215E+3	140.003285E+3	12.951770E+3	0.000000E+0	0.000000E+0	0.000000E+0	51.963343E+3	25.000000	0.000000	0.000000	0.000000
2021-03-31 11:19:45	3.7000271851E+9	2.880671E-9	1.009821E+4	1.010208E+4	1.693766E+3	5.918169E+1	1.607087E+3	0.000000E+0	0.000000E+0	0.000000E+0	1.006297E+2	2.880671E-9	36.921944E+3	83.704739E+3	21.845208E+3	139.859340E+3	12.951879E+3	0.000000E+0	0.000000E+0	0.000000E+0	51.960734E+3	25.000000	0.000000	0.000000	0.000000
2021-03-31 11:20:50	3.7000272505E+9	2.880671E-9	1.009842E+4	1.010395E+4	1.692715E+3	5.917019E+1	1.607099E+3	0.000000E+0	0.000000E+0	0.000000E+0	1.006232E+2	2.880671E-9	36.913333E+3	83.488241E+3	21.980991E+3	139.912696E+3	12.952219E+3	0.000000E+0	0.000000E+0	0.000000E+0	51.959087E+3	25.000000	0.000000	0.000000	0.000000
2021-03-31 11:21:42	3.7000273029E+9	2.880671E-9	1.009849E+4	1.010305E+4	1.693264E+3	5.919794E+1	1.607118E+3	0.000000E+0	0.000000E+0	0.000000E+0	1.006114E+2	2.880671E-9	36.910265E+3	83.592177E+3	21.909905E+3	139.783927E+3	12.952812E+3	0.000000E+0	0.000000E+0	0.000000E+0	51.956069E+3	25.000000	0.000000	0.000000	0.000000
2021-03-31 11:22:35	3.7000273557E+9	2.880671E-9	1.009814E+4	1.010363E+4	1.692729E+3	5.919071E+1	1.607135E+3	0.000000E+0	0.000000E+0	0.000000E+0	1.006047E+2	2.880671E-9	36.924706E+3	83.525023E+3	21.979062E+3	139.817461E+3	12.953450E+3	0.000000E+0	0.000000E+0	0.000000E+0	51.954335E+3	25.000000	0.000000	0.000000	0.000000
2021-03-31 11:23:33	3.7000274139E+9	2.880671E-9	1.009881E+4	1.010295E+4	1.693435E+3	5.923411E+1	1.607176E+3	0.000000E+0	0.000000E+0	0.000000E+0	1.005972E+2	2.880671E-9	36.897587E+3	83.604202E+3	21.887819E+3	139.616319E+3	12.954744E+3	0.000000E+0	0.000000E+0	0.000000E+0	51.952427E+3	25.000000	0.000000	0.000000	0.000000
2021-03-31 11:24:26	3.7000274666E+9	2.880671E-9	1.009868E+4	1.010191E+4	1.693354E+3	5.924277E+1	1.607186E+3	0.000000E+0	0.000000E+0	0.000000E+0	1.005973E+2	2.880671E-9	36.902543E+3	83.725047E+3	21.898281E+3	139.576225E+3	12.955064E+3	0.000000E+0	0.000000E+0	0.000000E+0	51.952437E+3	25.000000	0.000000	0.000000	0.000000
2021-03-31 11:25:18	3.7000275189E+9	2.880671E-9	1.009885E+4	1.010243E+4	1.693127E+3	5.922328E+1	1.607191E+3	0.000000E+0	0.000000E+0	0.000000E+0	1.005916E+2	2.880671E-9	36.895595E+3	83.664249E+3	21.927575E+3	139.666450E+3	12.955173E+3	0.000000E+0	0.000000E+0	0.000000E+0	51.950988E+3	25.000000	0.000000	0.000000	0.000000
2021-03-31 11:26:22	3.7000275821E+9	2.880671E-9	1.009890E+4	1.010159E+4	1.693206E+3	5.923803E+1	1.607234E+3	0.000000E+0	0.000000E+0	0.000000E+0	1.005986E+2	2.880671E-9	36.893706E+3	83.761509E+3	21.917348E+3	139.598172E+3	12.956511E+3	0.000000E+0	0.000000E+0	0.000000E+0	51.952774E+3	25.000000	0.000000	0.000000	0.000000
2021-03-31 11:27:14	3.7000276348E+9	2.880671E-9	1.009883E+4	1.010218E+4	1.693769E+3	5.924941E+1	1.607241E+3	0.000000E+0	0.000000E+0	0.000000E+0	1.005912E+2	2.880671E-9	36.896713E+3	83.693883E+3	21.844831E+3	139.545495E+3	12.956793E+3	0.000000E+0	0.000000E+0	0.000000E+0	51.950896E+3	25.000000	0.000000	0.000000	0.000000
2021-03-31 11:28:07	3.7000276875E+9	2.880671E-9	1.009880E+4	1.010381E+4	1.693149E+3	5.927420E+1	1.607269E+3	0.000000E+0	0.000000E+0	0.000000E+0	1.005899E+2	2.880671E-9	36.897839E+3	83.503869E+3	21.924715E+3	139.430822E+3	12.957735E+3	0.000000E+0	0.000000E+0	0.000000E+0	51.950550E+3	25.000000	0.000000	0.000000	0.000000
2021-03-31 11:29:07	3.7000277478E+9	2.880671E-9	1.009888E+4	1.010227E+4	1.694147E+3	5.926075E+1	1.607270E+3	0.000000E+0	0.000000E+0	0.000000E+0	1.005888E+2	2.880671E-9	36.894397E+3	83.682907E+3	21.796228E+3	139.493021E+3	12.957782E+3	0.000000E+0	0.000000E+0	0.000000E+0	51.950274E+3	25.000000	0.000000	0.000000	0.000000
2021-03-31 11:30:00	3.7000278003E+9	2.880671E-9	1.009900E+4	1.010109E+4	1.693306E+3	5.928297E+1	1.607288E+3	0.000000E+0	0.000000E+0	0.000000E+0	1.005858E+2	2.880671E-9	36.889449E+3	83.819812E+3	21.904500E+3	139.390265E+3	12.958271E+3	0.000000E+0	0.000000E+0	0.000000E+0	51.949490E+3	25.000000	0.000000	0.000000	0.000000
2021-03-31 11:31:03	3.7000278635E+9	2.880671E-9	1.009916E+4	1.010265E+4	1.693116E+3	5.930213E+1	1.607316E+3	0.000000E+0	0.000000E+0	0.000000E+0	1.005738E+2	2.880671E-9	36.883210E+3	83.638820E+3	21.929041E+3	139.301749E+3	12.959182E+3	0.000000E+0	0.000000E+0	0.000000E+0	51.946442E+3	25.000000	0.000000	0.000000	0.000000
2021-03-31 11:31:56	3.7000279161E+9	2.880671E-9	1.009938E+4	1.010202E+4	1.694103E+3	5.933460E+1	1.607329E+3	0.000000E+0	0.000000E+0	0.000000E+0	1.005766E+2	2.880671E-9	36.874013E+3	83.712407E+3	21.801896E+3	139.151911E+3	12.959597E+3	0.000000E+0	0.000000E+0	0.000000E+0	51.947145E+3	25.000000	0.000000	0.000000	0.000000
2021-03-31 11:32:48	3.7000279686E+9	2.880671E-9	1.009926E+4	1.010278E+4	1.693059E+3	5.932478E+1	1.607343E+3	0.000000E+0	0.000000E+0	0.000000E+0	1.005662E+2	2.880671E-9	36.878836E+3	83.623320E+3	21.936400E+3	139.197175E+3	12.960033E+3	0.000000E+0	0.000000E+0	0.000000E+0	51.944476E+3	25.000000	0.000000	0.000000	0.000000
2021-03-31 11:33:47	3.7000280270E+9	2.880671E-9	1.009932E+4	1.010384E+4	1.693641E+3	5.934945E+1	1.607377E+3	0.000000E+0	0.000000E+0	0.000000E+0	1.005633E+2	2.880671E-9	36.876718E+3	83.500742E+3	21.861232E+3	139.083426E+3	12.961132E+3	0.000000E+0	0.000000E+0	0.000000E+0	51.943741E+3	25.000000	0.000000	0.000000	0.000000
2021-03-31 11:34:39	3.7000280793E+9	2.880671E-9	1.009936E+4	1.010514E+4	1.693438E+3	5.935328E+1	1.607383E+3	0.000000E+0	0.000000E+0	0.000000E+0	1.005559E+2	2.880671E-9	36.874746E+3	83.351057E+3	21.887373E+3	139.065800E+3	12.961340E+3	0.000000E+0	0.000000E+0	0.000000E+0	51.941853E+3	25.000000	0.000000	0.000000	0.000000
2021-03-31 11:35:32	3.7000281320E+9	2.880671E-9	1.009964E+4	1.010801E+4	1.693920E+3	5.937488E+1	1.607390E+3	0.000000E+0	0.000000E+0	0.000000E+0	1.005503E+2	2.880671E-9	36.863493E+3	83.020459E+3	21.825410E+3	138.966284E+3	12.961554E+3	0.000000E+0	0.000000E+0	0.000000E+0	51.940405E+3	25.000000	0.000000	0.000000	0.000000
2021-03-31 11:36:35	3.7000281950E+9	2.880671E-9	1.009938E+4	1.010286E+4	1.692927E+3	5.935673E+1	1.607421E+3	0.000000E+0	0.000000E+0	0.000000E+0	1.005381E+2	2.880671E-9	36.874089E+3	83.614848E+3	21.953406E+3	139.049895E+3	12.962542E+3	0.000000E+0	0.000000E+0	0.000000E+0	51.937291E+3	25.000000	0.000000	0.000000	0.000000
2021-03-31 11:37:30	3.7000282500E+9	2.880671E-9	1.009954E+4	1.010257E+4	1.693524E+3	5.939144E+1	1.607436E+3	0.000000E+0	0.000000E+0	0.000000E+0	1.005274E+2	2.880671E-9	36.867489E+3	83.647936E+3	21.876331E+3	138.890066E+3	12.963056E+3	0.000000E+0	0.000000E+0	0.000000E+0	51.934559E+3	25.000000	0.000000	0.000000	0.000000
2021-03-31 11:38:22	3.7000283022E+9	2.880671E-9	1.009954E+4	1.010171E+4	1.693707E+3	5.939720E+1	1.607466E+3	0.000000E+0	0.000000E+0	0.000000E+0	1.005177E+2	2.880671E-9	36.867616E+3	83.747656E+3	21.852690E+3	138.863545E+3	12.964032E+3	0.000000E+0	0.000000E+0	0.000000E+0	51.932055E+3	25.000000	0.000000	0.000000	0.000000
2021-03-31 11:39:20	3.7000283610E+9	2.880671E-9	1.010040E+4	1.010557E+4	1.693091E+3	5.941671E+1	1.607497E+3	0.000000E+0	0.000000E+0	0.000000E+0	1.005137E+2	2.880671E-9	36.832368E+3	83.301199E+3	21.932235E+3	138.773844E+3	12.965017E+3	0.000000E+0	0.000000E+0	0.000000E+0	51.931038E+3	25.000000	0.000000	0.000000	0.000000
2021-03-31 11:40:13	3.7000284134E+9	2.880671E-9	1.009971E+4	1.010313E+4	1.693511E+3	5.940450E+1	1.607498E+3	0.000000E+0	0.000000E+0	0.000000E+0	1.005124E+2	2.880671E-9	36.860658E+3	83.582823E+3	21.877962E+3	138.829960E+3	12.965016E+3	0.000000E+0	0.000000E+0	0.000000E+0	51.930716E+3	25.000000	0.000000	0.000000	0.000000
2021-03-31 11:41:05	3.7000284658E+9	2.880671E-9	1.009973E+4	1.010673E+4	1.692585E+3	5.944318E+1	1.607519E+3	0.000000E+0	0.000000E+0	0.000000E+0	1.005089E+2	2.880671E-9	36.860001E+3	83.166851E+3	21.997846E+3	138.652220E+3	12.965663E+3	0.000000E+0	0.000000E+0	0.000000E+0	51.929802E+3	25.000000	0.000000	0.000000	0.000000
2021-03-31 11:42:09	3.7000285295E+9	2.880671E-9	1.010024E+4	1.010525E+4	1.693477E+3	5.942499E+1	1.607535E+3	0.000000E+0	0.000000E+0	0.000000E+0	1.005051E+2	2.880671E-9	36.839170E+3	83.338200E+3	21.882391E+3	138.735776E+3	12.966177E+3	0.000000E+0	0.000000E+0	0.000000E+0	51.928847E+3	25.000000	0.000000	0.000000	0.000000
2021-03-31 11:43:01	3.7000285820E+9	2.880671E-9	1.010007E+4	1.010258E+4	1.694101E+3	5.947138E+1	1.607540E+3	0.000000E+0	0.000000E+0	0.000000E+0	1.005061E+2	2.880671E-9	36.846113E+3	83.646791E+3	21.802151E+3	138.522816E+3	12.966351E+3	0.000000E+0	0.000000E+0	0.000000E+0	51.929091E+3	25.000000	0.000000	0.000000	0.000000
2021-03-31 11:43:54	3.7000286347E+9	2.880671E-9	1.009982E+4	1.010364E+4	1.693117E+3	5.944641E+1	1.607562E+3	0.000000E+0	0.000000E+0	0.000000E+0	1.005038E+2	2.880671E-9	36.856214E+3	83.523957E+3	21.928918E+3	138.637400E+3	12.967050E+3	0.000000E+0	0.000000E+0	0.000000E+0	51.928513E+3	25.000000	0.000000	0.000000	0.000000
2021-03-31 11:44:52	3.7000286929E+9	2.880671E-9	1.010029E+4	1.010277E+4	1.693513E+3	5.948700E+1	1.607584E+3	0.000000E+0	0.000000E+0	0.000000E+0	1.005024E+2	2.880671E-9	36.837230E+3	83.625271E+3	21.877708E+3	138.451194E+3	12.967766E+3	0.000000E+0	0.000000E+0	0.000000E+0	51.928154E+3	25.000000	0.000000	0.000000	0.000000
2021-03-31 11:45:47	3.7000287476E+9	2.880671E-9	1.009989E+4	1.010552E+4	1.693383E+3	5.948336E+1	1.607603E+3	0.000000E+0	0.000000E+0	0.000000E+0	1.005020E+2	2.880671E-9	36.853255E+3	83.306839E+3	21.894521E+3	138.467873E+3	12.968340E+3	0.000000E+0	0.000000E+0	0.000000E+0	51.928040E+3	25.000000	0.000000	0.000000	0.000000
2021-03-31 11:46:45	3.7000288052E+9	2.880671E-9	1.009982E+4	1.010325E+4	1.693078E+3	5.950740E+1	1.607626E+3	0.000000E+0	0.000000E+0	0.000000E+0	1.005025E+2	2.880671E-9	36.856039E+3	83.569592E+3	21.933939E+3	138.357725E+3	12.969071E+3	0.000000E+0	0.000000E+0	0.000000E+0	51.928162E+3	25.000000	0.000000	0.000000	0.000000
2021-03-31 11:47:37	3.7000288578E+9	2.880671E-9	1.010033E+4	1.010500E+4	1.692525E+3	5.950408E+1	1.607638E+3	0.000000E+0	0.000000E+0	0.000000E+0	1.005026E+2	2.880671E-9	36.835512E+3	83.367036E+3	22.005647E+3	138.372955E+3	12.969491E+3	0.000000E+0	0.000000E+0	0.000000E+0	51.928202E+3	25.000000	0.000000	0.000000	0.000000
2021-03-31 11:48:30	3.7000289102E+9	2.880671E-9	1.010061E+4	1.010658E+4	1.692548E+3	5.952323E+1	1.607646E+3	0.000000E+0	0.000000E+0	0.000000E+0	1.005020E+2	2.880671E-9	36.823896E+3	83.184094E+3	22.002633E+3	138.285277E+3	12.969710E+3	0.000000E+0	0.000000E+0	0.000000E+0	51.928032E+3	25.000000	0.000000	0.000000	0.000000
2021-03-31 11:49:30	3.7000289707E+9	2.880671E-9	1.010016E+4	1.010469E+4	1.693270E+3	5.951772E+1	1.607677E+3	0.000000E+0	0.000000E+0	0.000000E+0	1.005006E+2	2.880671E-9	36.842495E+3	83.402499E+3	21.909050E+3	138.310503E+3	12.970726E+3	0.000000E+0	0.000000E+0	0.000000E+0	51.927682E+3	25.000000	0.000000	0.000000	0.000000
2021-03-31 11:50:23	3.7000290236E+9	2.880671E-9	1.009968E+4	1.010304E+4	1.693192E+3	5.954102E+1	1.607678E+3	0.000000E+0	0.000000E+0	0.000000E+0	1.004980E+2	2.880671E-9	36.862015E+3	83.593387E+3	21.919174E+3	138.203894E+3	12.970746E+3	0.000000E+0	0.000000E+0	0.000000E+0	51.927030E+3	25.000000	0.000000	0.000000	0.000000
2021-03-31 11:51:16	3.7000290762E+9	2.880671E-9	1.009974E+4	1.010465E+4	1.693476E+3	5.954647E+1	1.607730E+3	0.000000E+0	0.000000E+0	0.000000E+0	1.004980E+2	2.880671E-9	36.859622E+3	83.406634E+3	21.882452E+3	138.178976E+3	12.972416E+3	0.000000E+0	0.000000E+0	0.000000E+0	51.927026E+3	25.000000	0.000000	0.000000	0.000000
2021-03-31 11:52:14	3.7000291345E+9	2.880671E-9	1.010023E+4	1.010441E+4	1.691947E+3	5.955783E+1	1.607745E+3	0.000000E+0	0.000000E+0	0.000000E+0	1.004840E+2	2.880671E-9	36.839533E+3	83.434895E+3	22.080987E+3	138.127033E+3	12.972895E+3	0.000000E+0	0.000000E+0	0.000000E+0	51.923436E+3	25.000000	0.000000	0.000000	0.000000
2021-03-31 11:53:07	3.7000291873E+9	2.880671E-9	1.010009E+4	1.010342E+4	1.693672E+3	5.956777E+1	1.607763E+3	0.000000E+0	0.000000E+0	0.000000E+0	1.004938E+2	2.880671E-9	36.845078E+3	83.549012E+3	21.857199E+3	138.081623E+3	12.973440E+3	0.000000E+0	0.000000E+0	0.000000E+0	51.925948E+3	25.000000	0.000000	0.000000	0.000000
2021-03-31 11:54:01	3.7000292419E+9	2.880671E-9	1.010017E+4	1.010575E+4	1.693504E+3	5.958575E+1	1.607771E+3	0.000000E+0	0.000000E+0	0.000000E+0	1.004910E+2	2.880671E-9	36.841999E+3	83.280393E+3	21.878899E+3	137.999486E+3	12.973684E+3	0.000000E+0	0.000000E+0	0.000000E+0	51.925218E+3	25.000000	0.000000	0.000000	0.000000
2021-03-31 11:54:59	3.7000292995E+9	2.880671E-9	1.010032E+4	1.010500E+4	1.694049E+3	5.960662E+1	1.607788E+3	0.000000E+0	0.000000E+0	0.000000E+0	1.004852E+2	2.880671E-9	36.836009E+3	83.366938E+3	21.808781E+3	137.904272E+3	12.974266E+3	0.000000E+0	0.000000E+0	0.000000E+0	51.923743E+3	25.000000	0.000000	0.000000	0.000000
2021-03-31 11:55:52	3.7000293523E+9	2.880671E-9	1.010063E+4	1.010307E+4	1.692954E+3	5.959843E+1	1.607790E+3	0.000000E+0	0.000000E+0	0.000000E+0	1.004854E+2	2.880671E-9	36.823360E+3	83.590250E+3	21.949934E+3	137.941628E+3	12.974316E+3	0.000000E+0	0.000000E+0	0.000000E+0	51.923798E+3	25.000000	0.000000	0.000000	0.000000
2021-03-31 11:56:44	3.7000294048E+9	2.880671E-9	1.010038E+4	1.010648E+4	1.693785E+3	5.960303E+1	1.607823E+3	0.000000E+0	0.000000E+0	0.000000E+0	1.004800E+2	2.880671E-9	36.833229E+3	83.195467E+3	21.842761E+3	137.920658E+3	12.975331E+3	0.000000E+0	0.000000E+0	0.000000E+0	51.922421E+3	25.000000	0.000000	0.000000	0.000000
2021-03-31 11:57:45	3.7000294656E+9	2.880671E-9	1.010070E+4	1.010425E+4	1.693233E+3	5.962603E+1	1.607831E+3	0.000000E+0	0.000000E+0	0.000000E+0	1.004795E+2	2.880671E-9	36.820218E+3	83.453760E+3	21.913883E+3	137.815766E+3	12.975645E+3	0.000000E+0	0.000000E+0	0.000000E+0	51.922277E+3	25.000000	0.000000	0.000000	0.000000
2021-03-31 11:58:38	3.7000295180E+9	2.880671E-9	1.010106E+4	1.010424E+4	1.692661E+3	5.965750E+1	1.607861E+3	0.000000E+0	0.000000E+0	0.000000E+0	1.004811E+2	2.880671E-9	36.805682E+3	83.454887E+3	21.987908E+3	137.672450E+3	12.976571E+3	0.000000E+0	0.000000E+0	0.000000E+0	51.922692E+3	25.000000	0.000000	0.000000	0.000000
2021-03-31 11:59:30	3.7000295708E+9	2.880671E-9	1.010118E+4	1.010474E+4	1.694160E+3	5.963441E+1	1.607880E+3	0.000000E+0	0.000000E+0	0.000000E+0	1.004756E+2	2.880671E-9	36.800676E+3	83.396946E+3	21.794601E+3	137.777579E+3	12.977192E+3	0.000000E+0	0.000000E+0	0.000000E+0	51.921296E+3	25.000000	0.000000	0.000000	0.000000
2021-03-31 12:00:29	3.7000296294E+9	2.880671E-9	1.010134E+4	1.010561E+4	1.693704E+3	5.967797E+1	1.607903E+3	0.000000E+0	0.000000E+0	0.000000E+0	1.004726E+2	2.880671E-9	36.794336E+3	83.295848E+3	21.853077E+3	137.579278E+3	12.977867E+3	0.000000E+0	0.000000E+0	0.000000E+0	51.920518E+3	25.000000	0.000000	0.000000	0.000000
2021-03-31 12:01:22	3.7000296821E+9	2.880671E-9	1.010032E+4	1.010477E+4	1.692902E+3	5.968400E+1	1.607908E+3	0.000000E+0	0.000000E+0	0.000000E+0	1.004774E+2	2.880671E-9	36.836015E+3	83.393024E+3	21.956699E+3	137.551879E+3	12.978059E+3	0.000000E+0	0.000000E+0	0.000000E+0	51.921754E+3	25.000000	0.000000	0.000000	0.000000
2021-03-31 12:02:16	3.7000297367E+9	2.880671E-9	1.010143E+4	1.010437E+4	1.694129E+3	5.967857E+1	1.607936E+3	0.000000E+0	0.000000E+0	0.000000E+0	1.004762E+2	2.880671E-9	36.790505E+3	83.439471E+3	21.798512E+3	137.576554E+3	12.978916E+3	0.000000E+0	0.000000E+0	0.000000E+0	51.921437E+3	25.000000	0.000000	0.000000	0.000000
2021-03-31 12:03:14	3.7000297944E+9	2.880671E-9	1.010143E+4	1.010612E+4	1.693785E+3	5.970376E+1	1.607957E+3	0.000000E+0	0.000000E+0	0.000000E+0	1.004699E+2	2.880671E-9	36.790527E+3	83.237776E+3	21.842742E+3	137.462082E+3	12.979617E+3	0.000000E+0	0.000000E+0	0.000000E+0	51.919826E+3	25.000000	0.000000	0.000000	0.000000
2021-03-31 12:04:07	3.7000298470E+9	2.880671E-9	1.010165E+4	1.010548E+4	1.693522E+3	5.970109E+1	1.607978E+3	0.000000E+0	0.000000E+0	0.000000E+0	1.004614E+2	2.880671E-9	36.781599E+3	83.311526E+3	21.876617E+3	137.474183E+3	12.980316E+3	0.000000E+0	0.000000E+0	0.000000E+0	51.917640E+3	25.000000	0.000000	0.000000	0.000000
2021-03-31 12:04:59	3.7000298997E+9	2.880671E-9	1.010090E+4	1.010534E+4	1.693797E+3	5.972766E+1	1.607990E+3	0.000000E+0	0.000000E+0	0.000000E+0	1.004552E+2	2.880671E-9	36.812239E+3	83.327669E+3	21.841171E+3	137.353538E+3	12.980640E+3	0.000000E+0	0.000000E+0	0.000000E+0	51.916064E+3	25.000000	0.000000	0.000000	0.000000
2021-03-31 12:06:00	3.7000299604E+9	2.880671E-9	1.010119E+4	1.010339E+4	1.693532E+3	5.974125E+1	1.608024E+3	0.000000E+0	0.000000E+0	0.000000E+0	1.004417E+2	2.880671E-9	36.800224E+3	83.553102E+3	21.875310E+3	137.291894E+3	12.981745E+3	0.000000E+0	0.000000E+0	0.000000E+0	51.912592E+3	25.000000	0.000000	0.000000	0.000000
2021-03-31 12:06:53	3.7000300131E+9	2.880671E-9	1.010148E+4	1.010587E+4	1.693778E+3	5.974439E+1	1.608028E+3	0.000000E+0	0.000000E+0	0.000000E+0	1.004337E+2	2.880671E-9	36.788688E+3	83.266670E+3	21.843622E+3	137.277619E+3	12.981871E+3	0.000000E+0	0.000000E+0	0.000000E+0	51.910560E+3	25.000000	0.000000	0.000000	0.000000
2021-03-31 12:07:45	3.7000300657E+9	2.880671E-9	1.010176E+4	1.010473E+4	1.692901E+3	5.973434E+1	1.608076E+3	0.000000E+0	0.000000E+0	0.000000E+0	1.004131E+2	2.880671E-9	36.777194E+3	83.398078E+3	21.956845E+3	137.323243E+3	12.983429E+3	0.000000E+0	0.000000E+0	0.000000E+0	51.905288E+3	25.000000	0.000000	0.000000	0.000000
2021-03-31 12:08:44	3.7000301243E+9	2.880671E-9	1.010160E+4	1.010348E+4	1.693283E+3	5.976219E+1	1.608064E+3	0.000000E+0	0.000000E+0	0.000000E+0	1.004029E+2	2.880671E-9	36.783698E+3	83.542649E+3	21.907360E+3	137.196910E+3	12.983025E+3	0.000000E+0	0.000000E+0	0.000000E+0	51.902658E+3	25.000000	0.000000	0.000000	0.000000
2021-03-31 12:09:36	3.7000301769E+9	2.880671E-9	1.010163E+4	1.010465E+4	1.693733E+3	5.977397E+1	1.608084E+3	0.000000E+0	0.000000E+0	0.000000E+0	1.004010E+2	2.880671E-9	36.782519E+3	83.407178E+3	21.849360E+3	137.143557E+3	12.983666E+3	0.000000E+0	0.000000E+0	0.000000E+0	51.902168E+3	25.000000	0.000000	0.000000	0.000000
2021-03-31 12:10:42	3.7000302423E+9	2.880671E-9	1.010199E+4	1.010534E+4	1.693510E+3	5.978539E+1	1.608107E+3	0.000000E+0	0.000000E+0	0.000000E+0	1.003813E+2	2.880671E-9	36.767940E+3	83.326956E+3	21.878107E+3	137.091834E+3	12.984410E+3	0.000000E+0	0.000000E+0	0.000000E+0	51.897134E+3	25.000000	0.000000	0.000000	0.000000
2021-03-31 12:11:34	3.7000302950E+9	2.880671E-9	1.010198E+4	1.010465E+4	1.692814E+3	5.980184E+1	1.608108E+3	0.000000E+0	0.000000E+0	0.000000E+0	1.003764E+2	2.880671E-9	36.768162E+3	83.407385E+3	21.968116E+3	137.017343E+3	12.984399E+3	0.000000E+0	0.000000E+0	0.000000E+0	51.895878E+3	25.000000	0.000000	0.000000	0.000000
2021-03-31 12:12:27	3.7000303478E+9	2.880671E-9	1.010183E+4	1.010337E+4	1.693768E+3	5.981166E+1	1.608129E+3	0.000000E+0	0.000000E+0	0.000000E+0	1.003661E+2	2.880671E-9	36.774432E+3	83.555883E+3	21.844881E+3	136.972944E+3	12.985075E+3	0.000000E+0	0.000000E+0	0.000000E+0	51.893237E+3	25.000000	0.000000	0.000000	0.000000
2021-03-31 12:13:26	3.7000304062E+9	2.880671E-9	1.010217E+4	1.010427E+4	1.693535E+3	5.981956E+1	1.608159E+3	0.000000E+0	0.000000E+0	0.000000E+0	1.003586E+2	2.880671E-9	36.760684E+3	83.450551E+3	21.874955E+3	136.937186E+3	12.986072E+3	0.000000E+0	0.000000E+0	0.000000E+0	51.891320E+3	25.000000	0.000000	0.000000	0.000000
2021-03-31 12:14:18	3.7000304588E+9	2.880671E-9	1.010210E+4	1.010561E+4	1.693503E+3	5.984071E+1	1.608183E+3	0.000000E+0	0.000000E+0	0.000000E+0	1.003616E+2	2.880671E-9	36.763417E+3	83.296466E+3	21.879068E+3	136.841589E+3	12.986730E+3	0.000000E+0	0.000000E+0	0.000000E+0	51.892074E+3	25.000000	0.000000	0.000000	0.000000
2021-03-31 12:15:11	3.7000305115E+9	2.880671E-9	1.010225E+4	1.010415E+4	1.692906E+3	5.985505E+1	1.608188E+3	0.000000E+0	0.000000E+0	0.000000E+0	1.003586E+2	2.880671E-9	36.757406E+3	83.464898E+3	21.956117E+3	136.776851E+3	12.986955E+3	0.000000E+0	0.000000E+0	0.000000E+0	51.891329E+3	25.000000	0.000000	0.000000	0.000000
2021-03-31 12:16:14	3.7000305749E+9	2.880671E-9	1.010215E+4	1.010506E+4	1.693324E+3	5.988035E+1	1.608211E+3	0.000000E+0	0.000000E+0	0.000000E+0	1.003665E+2	2.880671E-9	36.761366E+3	83.359411E+3	21.902081E+3	136.662657E+3	12.987653E+3	0.000000E+0	0.000000E+0	0.000000E+0	51.893334E+3	25.000000	0.000000	0.000000	0.000000
2021-03-31 12:17:07	3.7000306274E+9	2.880671E-9	1.010235E+4	1.010478E+4	1.693303E+3	5.985105E+1	1.608247E+3	0.000000E+0	0.000000E+0	0.000000E+0	1.003675E+2	2.880671E-9	36.753315E+3	83.391787E+3	21.904872E+3	136.794888E+3	12.988809E+3	0.000000E+0	0.000000E+0	0.000000E+0	51.893599E+3	25.000000	0.000000	0.000000	0.000000
2021-03-31 12:18:00	3.7000306804E+9	2.880671E-9	1.010223E+4	1.010602E+4	1.694028E+3	5.988743E+1	1.608260E+3	0.000000E+0	0.000000E+0	0.000000E+0	1.003728E+2	2.880671E-9	36.758158E+3	83.248581E+3	21.811536E+3	136.630742E+3	12.989176E+3	0.000000E+0	0.000000E+0	0.000000E+0	51.894955E+3	25.000000	0.000000	0.000000	0.000000
2021-03-31 12:19:00	3.7000307408E+9	2.880671E-9	1.010246E+4	1.010479E+4	1.693998E+3	5.989866E+1	1.608277E+3	0.000000E+0	0.000000E+0	0.000000E+0	1.003801E+2	2.880671E-9	36.748874E+3	83.391155E+3	21.815332E+3	136.580109E+3	12.989743E+3	0.000000E+0	0.000000E+0	0.000000E+0	51.896826E+3	25.000000	0.000000	0.000000	0.000000
2021-03-31 12:19:53	3.7000307935E+9	2.880671E-9	1.010255E+4	1.010500E+4	1.693614E+3	5.989993E+1	1.608302E+3	0.000000E+0	0.000000E+0	0.000000E+0	1.003926E+2	2.880671E-9	36.745075E+3	83.366338E+3	21.864714E+3	136.574394E+3	12.990536E+3	0.000000E+0	0.000000E+0	0.000000E+0	51.900037E+3	25.000000	0.000000	0.000000	0.000000
2021-03-31 12:20:46	3.7000308460E+9	2.880671E-9	1.010264E+4	1.010563E+4	1.693259E+3	5.991192E+1	1.608297E+3	0.000000E+0	0.000000E+0	0.000000E+0	1.004004E+2	2.880671E-9	36.741405E+3	83.294040E+3	21.910463E+3	136.520365E+3	12.990352E+3	0.000000E+0	0.000000E+0	0.000000E+0	51.902020E+3	25.000000	0.000000	0.000000	0.000000
2021-03-31 12:21:49	3.7000309092E+9	2.880671E-9	1.010262E+4	1.010560E+4	1.693212E+3	5.993275E+1	1.608317E+3	0.000000E+0	0.000000E+0	0.000000E+0	1.004081E+2	2.880671E-9	36.742486E+3	83.297782E+3	21.916560E+3	136.426559E+3	12.991049E+3	0.000000E+0	0.000000E+0	0.000000E+0	51.903993E+3	25.000000	0.000000	0.000000	0.000000
2021-03-31 12:22:41	3.7000309616E+9	2.880671E-9	1.010271E+4	1.010489E+4	1.693178E+3	5.993498E+1	1.608329E+3	0.000000E+0	0.000000E+0	0.000000E+0	1.004183E+2	2.880671E-9	36.738533E+3	83.379028E+3	21.920962E+3	136.416536E+3	12.991384E+3	0.000000E+0	0.000000E+0	0.000000E+0	51.906606E+3	25.000000	0.000000	0.000000	0.000000
2021-03-31 12:23:34	3.7000310141E+9	2.880671E-9	1.010265E+4	1.010747E+4	1.693240E+3	5.994501E+1	1.608356E+3	0.000000E+0	0.000000E+0	0.000000E+0	1.004188E+2	2.880671E-9	36.741038E+3	83.082584E+3	21.912927E+3	136.371370E+3	12.992277E+3	0.000000E+0	0.000000E+0	0.000000E+0	51.906750E+3	25.000000	0.000000	0.000000	0.000000
2021-03-31 12:24:32	3.7000310725E+9	2.880671E-9	1.010295E+4	1.010671E+4	1.693520E+3	5.998254E+1	1.608370E+3	0.000000E+0	0.000000E+0	0.000000E+0	1.004203E+2	2.880671E-9	36.729098E+3	83.169159E+3	21.876796E+3	136.202677E+3	12.992691E+3	0.000000E+0	0.000000E+0	0.000000E+0	51.907122E+3	25.000000	0.000000	0.000000	0.000000
2021-03-31 12:25:25	3.7000311252E+9	2.880671E-9	1.010290E+4	1.010575E+4	1.693905E+3	5.997377E+1	1.608389E+3	0.000000E+0	0.000000E+0	0.000000E+0	1.004187E+2	2.880671E-9	36.731067E+3	83.280533E+3	21.827250E+3	136.242057E+3	12.993266E+3	0.000000E+0	0.000000E+0	0.000000E+0	51.906719E+3	25.000000	0.000000	0.000000	0.000000
2021-03-31 12:26:28	3.7000311885E+9	2.880671E-9	1.010305E+4	1.010739E+4	1.693207E+3	5.997554E+1	1.608399E+3	0.000000E+0	0.000000E+0	0.000000E+0	1.004213E+2	2.880671E-9	36.725034E+3	83.091433E+3	21.917257E+3	136.234108E+3	12.993566E+3	0.000000E+0	0.000000E+0	0.000000E+0	51.907379E+3	25.000000	0.000000	0.000000	0.000000
2021-03-31 12:27:23	3.7000312434E+9	2.880671E-9	1.010300E+4	1.010776E+4	1.693540E+3	5.999264E+1	1.608434E+3	0.000000E+0	0.000000E+0	0.000000E+0	1.004282E+2	2.880671E-9	36.726765E+3	83.049184E+3	21.874290E+3	136.157333E+3	12.994633E+3	0.000000E+0	0.000000E+0	0.000000E+0	51.909137E+3	25.000000	0.000000	0.000000	0.000000
2021-03-31 12:28:15	3.7000312960E+9	2.880671E-9	1.010309E+4	1.010631E+4	1.693214E+3	6.000141E+1	1.608446E+3	0.000000E+0	0.000000E+0	0.000000E+0	1.004283E+2	2.880671E-9	36.723307E+3	83.215705E+3	21.916294E+3	136.117942E+3	12.995050E+3	0.000000E+0	0.000000E+0	0.000000E+0	51.909166E+3	25.000000	0.000000	0.000000	0.000000
2021-03-31 12:29:14	3.7000313543E+9	2.880671E-9	1.010300E+4	1.010719E+4	1.693458E+3	6.002657E+1	1.608473E+3	0.000000E+0	0.000000E+0	0.000000E+0	1.004302E+2	2.880671E-9	36.726902E+3	83.114733E+3	21.884830E+3	136.005086E+3	12.995888E+3	0.000000E+0	0.000000E+0	0.000000E+0	51.909656E+3	25.000000	0.000000	0.000000	0.000000
2021-03-31 12:30:06	3.7000314068E+9	2.880671E-9	1.010335E+4	1.010608E+4	1.692847E+3	6.003049E+1	1.608467E+3	0.000000E+0	0.000000E+0	0.000000E+0	1.004298E+2	2.880671E-9	36.712842E+3	83.242396E+3	21.963824E+3	135.987475E+3	12.995753E+3	0.000000E+0	0.000000E+0	0.000000E+0	51.909566E+3	25.000000	0.000000	0.000000	0.000000
2021-03-31 12:30:59	3.7000314593E+9	2.880671E-9	1.010328E+4	1.010762E+4	1.693243E+3	6.004674E+1	1.608504E+3	0.000000E+0	0.000000E+0	0.000000E+0	1.004289E+2	2.880671E-9	36.715676E+3	83.064739E+3	21.912546E+3	135.914653E+3	12.996897E+3	0.000000E+0	0.000000E+0	0.000000E+0	51.909325E+3	25.000000	0.000000	0.000000	0.000000
2021-03-31 12:32:02	3.7000315225E+9	2.880671E-9	1.010331E+4	1.010723E+4	1.693883E+3	6.005308E+1	1.608510E+3	0.000000E+0	0.000000E+0	0.000000E+0	1.004166E+2	2.880671E-9	36.714232E+3	83.109704E+3	21.830106E+3	135.886284E+3	12.997069E+3	0.000000E+0	0.000000E+0	0.000000E+0	51.906167E+3	25.000000	0.000000	0.000000	0.000000
2021-03-31 12:32:55	3.7000315752E+9	2.880671E-9	1.010339E+4	1.010833E+4	1.694020E+3	6.005638E+1	1.608548E+3	0.000000E+0	0.000000E+0	0.000000E+0	1.004141E+2	2.880671E-9	36.711123E+3	82.982920E+3	21.812493E+3	135.871496E+3	12.998276E+3	0.000000E+0	0.000000E+0	0.000000E+0	51.905522E+3	25.000000	0.000000	0.000000	0.000000
2021-03-31 12:33:47	3.7000316277E+9	2.880671E-9	1.010350E+4	1.010484E+4	1.692931E+3	6.007178E+1	1.608569E+3	0.000000E+0	0.000000E+0	0.000000E+0	1.004093E+2	2.880671E-9	36.706588E+3	83.385302E+3	21.952889E+3	135.802544E+3	12.998931E+3	0.000000E+0	0.000000E+0	0.000000E+0	51.904313E+3	25.000000	0.000000	0.000000	0.000000
2021-03-31 12:34:46	3.7000316862E+9	2.880671E-9	1.010352E+4	1.010508E+4	1.693496E+3	6.008393E+1	1.608565E+3	0.000000E+0	0.000000E+0	0.000000E+0	1.004068E+2	2.880671E-9	36.705996E+3	83.357106E+3	21.879940E+3	135.748191E+3	12.998817E+3	0.000000E+0	0.000000E+0	0.000000E+0	51.903662E+3	25.000000	0.000000	0.000000	0.000000
2021-03-31 12:35:40	3.7000317408E+9	2.880671E-9	1.010355E+4	1.010903E+4	1.693690E+3	6.011771E+1	1.608594E+3	0.000000E+0	0.000000E+0	0.000000E+0	1.004044E+2	2.880671E-9	36.704699E+3	82.903022E+3	21.854922E+3	135.597151E+3	12.999723E+3	0.000000E+0	0.000000E+0	0.000000E+0	51.903050E+3	25.000000	0.000000	0.000000	0.000000
2021-03-31 12:36:33	3.7000317934E+9	2.880671E-9	1.010361E+4	1.010674E+4	1.693828E+3	6.012444E+1	1.608617E+3	0.000000E+0	0.000000E+0	0.000000E+0	1.004022E+2	2.880671E-9	36.702398E+3	83.166224E+3	21.837183E+3	135.567122E+3	13.000406E+3	0.000000E+0	0.000000E+0	0.000000E+0	51.902490E+3	25.000000	0.000000	0.000000	0.000000
2021-03-31 12:37:36	3.7000318568E+9	2.880671E-9	1.010370E+4	1.010545E+4	1.692788E+3	6.012893E+1	1.608623E+3	0.000000E+0	0.000000E+0	0.000000E+0	1.003970E+2	2.880671E-9	36.698410E+3	83.314752E+3	21.971512E+3	135.547059E+3	13.000611E+3	0.000000E+0	0.000000E+0	0.000000E+0	51.901148E+3	25.000000	0.000000	0.000000	0.000000
2021-03-31 12:38:29	3.7000319094E+9	2.880671E-9	1.010380E+4	1.010650E+4	1.692971E+3	6.014244E+1	1.608653E+3	0.000000E+0	0.000000E+0	0.000000E+0	1.003873E+2	2.880671E-9	36.694489E+3	83.193768E+3	21.947736E+3	135.486763E+3	13.001528E+3	0.000000E+0	0.000000E+0	0.000000E+0	51.898681E+3	25.000000	0.000000	0.000000	0.000000
2021-03-31 12:39:22	3.7000319623E+9	2.880671E-9	1.010389E+4	1.010446E+4	1.693705E+3	6.013629E+1	1.608668E+3	0.000000E+0	0.000000E+0	0.000000E+0	1.003864E+2	2.880671E-9	36.690857E+3	83.429497E+3	21.853019E+3	135.514174E+3	13.002015E+3	0.000000E+0	0.000000E+0	0.000000E+0	51.898434E+3	25.000000	0.000000	0.000000	0.000000
2021-03-31 12:40:20	3.7000320205E+9	2.880671E-9	1.010418E+4	1.010716E+4	1.693243E+3	6.014798E+1	1.608680E+3	0.000000E+0	0.000000E+0	0.000000E+0	1.003836E+2	2.880671E-9	36.679148E+3	83.117317E+3	21.912549E+3	135.462011E+3	13.002396E+3	0.000000E+0	0.000000E+0	0.000000E+0	51.897711E+3	25.000000	0.000000	0.000000	0.000000
2021-03-31 12:41:13	3.7000320732E+9	2.880671E-9	1.010399E+4	1.010571E+4	1.693556E+3	6.017926E+1	1.608709E+3	0.000000E+0	0.000000E+0	0.000000E+0	1.003769E+2	2.880671E-9	36.686844E+3	83.284638E+3	21.872157E+3	135.322533E+3	13.003320E+3	0.000000E+0	0.000000E+0	0.000000E+0	51.896003E+3	25.000000	0.000000	0.000000	0.000000
2021-03-31 12:42:16	3.7000321366E+9	2.880671E-9	1.010396E+4	1.010830E+4	1.693206E+3	6.017722E+1	1.608721E+3	0.000000E+0	0.000000E+0	0.000000E+0	1.003754E+2	2.880671E-9	36.687944E+3	82.986494E+3	21.917381E+3	135.331651E+3	13.003705E+3	0.000000E+0	0.000000E+0	0.000000E+0	51.895614E+3	25.000000	0.000000	0.000000	0.000000
2021-03-31 12:43:09	3.7000321894E+9	2.880671E-9	1.010413E+4	1.010730E+4	1.693387E+3	6.020144E+1	1.608751E+3	0.000000E+0	0.000000E+0	0.000000E+0	1.003776E+2	2.880671E-9	36.681166E+3	83.102098E+3	21.893981E+3	135.223758E+3	13.004610E+3	0.000000E+0	0.000000E+0	0.000000E+0	51.896186E+3	25.000000	0.000000	0.000000	0.000000
2021-03-31 12:44:03	3.7000322440E+9	2.880671E-9	1.010388E+4	1.010699E+4	1.693073E+3	6.021818E+1	1.608751E+3	0.000000E+0	0.000000E+0	0.000000E+0	1.003777E+2	2.880671E-9	36.691184E+3	83.137139E+3	21.934556E+3	135.149258E+3	13.004696E+3	0.000000E+0	0.000000E+0	0.000000E+0	51.896220E+3	25.000000	0.000000	0.000000	0.000000
2021-03-31 12:45:02	3.7000323027E+9	2.880671E-9	1.010416E+4	1.010979E+4	1.693360E+3	6.022219E+1	1.608760E+3	0.000000E+0	0.000000E+0	0.000000E+0	1.003765E+2	2.880671E-9	36.680049E+3	82.815593E+3	21.897492E+3	135.131399E+3	13.004955E+3	0.000000E+0	0.000000E+0	0.000000E+0	51.895915E+3	25.000000	0.000000	0.000000	0.000000
2021-03-31 12:45:55	3.7000323554E+9	2.880671E-9	1.010422E+4	1.010726E+4	1.692858E+3	6.022793E+1	1.608788E+3	0.000000E+0	0.000000E+0	0.000000E+0	1.003775E+2	2.880671E-9	36.677538E+3	83.106513E+3	21.962434E+3	135.105889E+3	13.005765E+3	0.000000E+0	0.000000E+0	0.000000E+0	51.896169E+3	25.000000	0.000000	0.000000	0.000000
2021-03-31 12:46:48	3.7000324080E+9	2.880671E-9	1.010440E+4	1.010594E+4	1.693220E+3	6.023157E+1	1.608817E+3	0.000000E+0	0.000000E+0	0.000000E+0	1.003782E+2	2.880671E-9	36.670220E+3	83.258280E+3	21.915511E+3	135.089711E+3	13.006698E+3	0.000000E+0	0.000000E+0	0.000000E+0	51.896340E+3	25.000000	0.000000	0.000000	0.000000
2021-03-31 12:47:51	3.7000324715E+9	2.880671E-9	1.010466E+4	1.010649E+4	1.693980E+3	6.025300E+1	1.608838E+3	0.000000E+0	0.000000E+0	0.000000E+0	1.003769E+2	2.880671E-9	36.659846E+3	83.195252E+3	21.817689E+3	134.994441E+3	13.007365E+3	0.000000E+0	0.000000E+0	0.000000E+0	51.896010E+3	25.000000	0.000000	0.000000	0.000000
2021-03-31 12:48:44	3.7000325241E+9	2.880671E-9	1.010459E+4	1.010620E+4	1.693685E+3	6.025420E+1	1.608850E+3	0.000000E+0	0.000000E+0	0.000000E+0	1.003769E+2	2.880671E-9	36.662459E+3	83.228662E+3	21.855564E+3	134.989127E+3	13.007751E+3	0.000000E+0	0.000000E+0	0.000000E+0	51.895995E+3	25.000000	0.000000	0.000000	0.000000
2021-03-31 12:49:36	3.7000325768E+9	2.880671E-9	1.010457E+4	1.010722E+4	1.693638E+3	6.026892E+1	1.608861E+3	0.000000E+0	0.000000E+0	0.000000E+0	1.003716E+2	2.880671E-9	36.663217E+3	83.110943E+3	21.861655E+3	134.923749E+3	13.008105E+3	0.000000E+0	0.000000E+0	0.000000E+0	51.894660E+3	25.000000	0.000000	0.000000	0.000000
2021-03-31 12:50:35	3.7000326354E+9	2.880671E-9	1.010480E+4	1.010837E+4	1.693943E+3	6.029049E+1	1.608884E+3	0.000000E+0	0.000000E+0	0.000000E+0	1.003672E+2	2.880671E-9	36.654039E+3	82.979092E+3	21.822389E+3	134.828023E+3	13.008773E+3	0.000000E+0	0.000000E+0	0.000000E+0	51.893514E+3	25.000000	0.000000	0.000000	0.000000
2021-03-31 12:51:27	3.7000326880E+9	2.880671E-9	1.010485E+4	1.010869E+4	1.692835E+3	6.030456E+1	1.608905E+3	0.000000E+0	0.000000E+0	0.000000E+0	1.003667E+2	2.880671E-9	36.652205E+3	82.942019E+3	21.965370E+3	134.765613E+3	13.009431E+3	0.000000E+0	0.000000E+0	0.000000E+0	51.893404E+3	25.000000	0.000000	0.000000	0.000000
2021-03-31 12:52:22	3.7000327428E+9	2.880671E-9	1.010480E+4	1.010824E+4	1.693281E+3	6.032933E+1	1.608946E+3	0.000000E+0	0.000000E+0	0.000000E+0	1.003642E+2	2.880671E-9	36.653909E+3	82.993837E+3	21.907716E+3	134.655852E+3	13.010730E+3	0.000000E+0	0.000000E+0	0.000000E+0	51.892751E+3	25.000000	0.000000	0.000000	0.000000
2021-03-31 12:53:20	3.7000328003E+9	2.880671E-9	1.010501E+4	1.010708E+4	1.693612E+3	6.031725E+1	1.608952E+3	0.000000E+0	0.000000E+0	0.000000E+0	1.003558E+2	2.880671E-9	36.645462E+3	83.127005E+3	21.864996E+3	134.709378E+3	13.010932E+3	0.000000E+0	0.000000E+0	0.000000E+0	51.890608E+3	25.000000	0.000000	0.000000	0.000000
2021-03-31 12:54:12	3.7000328529E+9	2.880671E-9	1.010486E+4	1.010936E+4	1.693453E+3	6.032811E+1	1.608957E+3	0.000000E+0	0.000000E+0	0.000000E+0	1.003491E+2	2.880671E-9	36.651800E+3	82.865477E+3	21.885484E+3	134.661256E+3	13.011064E+3	0.000000E+0	0.000000E+0	0.000000E+0	51.888883E+3	25.000000	0.000000	0.000000	0.000000
2021-03-31 12:55:05	3.7000329054E+9	2.880671E-9	1.010511E+4	1.010787E+4	1.693174E+3	6.033799E+1	1.608994E+3	0.000000E+0	0.000000E+0	0.000000E+0	1.003397E+2	2.880671E-9	36.641482E+3	83.036558E+3	21.921451E+3	134.617479E+3	13.012246E+3	0.000000E+0	0.000000E+0	0.000000E+0	51.886479E+3	25.000000	0.000000	0.000000	0.000000
2021-03-31 12:56:06	3.7000329661E+9	2.880671E-9	1.010516E+4	1.010650E+4	1.692983E+3	6.034232E+1	1.609000E+3	0.000000E+0	0.000000E+0	0.000000E+0	1.003404E+2	2.880671E-9	36.639530E+3	83.193460E+3	21.946187E+3	134.598333E+3	13.012419E+3	0.000000E+0	0.000000E+0	0.000000E+0	51.886654E+3	25.000000	0.000000	0.000000	0.000000
2021-03-31 12:56:59	3.7000330190E+9	2.880671E-9	1.010513E+4	1.010801E+4	1.693447E+3	6.036695E+1	1.609019E+3	0.000000E+0	0.000000E+0	0.000000E+0	1.003357E+2	2.880671E-9	36.640781E+3	83.019646E+3	21.886235E+3	134.489340E+3	13.012982E+3	0.000000E+0	0.000000E+0	0.000000E+0	51.885457E+3	25.000000	0.000000	0.000000	0.000000
2021-03-31 12:57:51	3.7000330715E+9	2.880671E-9	1.010532E+4	1.010752E+4	1.693959E+3	6.038995E+1	1.609040E+3	0.000000E+0	0.000000E+0	0.000000E+0	1.003307E+2	2.880671E-9	36.633052E+3	83.075734E+3	21.820363E+3	134.387672E+3	13.013646E+3	0.000000E+0	0.000000E+0	0.000000E+0	51.884172E+3	25.000000	0.000000	0.000000	0.000000
2021-03-31 12:58:50	3.7000331302E+9	2.880671E-9	1.010532E+4	1.010809E+4	1.693389E+3	6.039077E+1	1.609049E+3	0.000000E+0	0.000000E+0	0.000000E+0	1.003309E+2	2.880671E-9	36.632970E+3	83.010908E+3	21.893741E+3	134.384058E+3	13.013949E+3	0.000000E+0	0.000000E+0	0.000000E+0	51.884224E+3	25.000000	0.000000	0.000000	0.000000
2021-03-31 12:59:42	3.7000331828E+9	2.880671E-9	1.010559E+4	1.010917E+4	1.693895E+3	6.041947E+1	1.609087E+3	0.000000E+0	0.000000E+0	0.000000E+0	1.003221E+2	2.880671E-9	36.621975E+3	82.886980E+3	21.828629E+3	134.257336E+3	13.015196E+3	0.000000E+0	0.000000E+0	0.000000E+0	51.881967E+3	25.000000	0.000000	0.000000	0.000000
2021-03-31 13:00:48	3.7000332482E+9	2.880671E-9	1.010555E+4	1.010883E+4	1.693256E+3	6.043354E+1	1.609109E+3	0.000000E+0	0.000000E+0	0.000000E+0	1.003213E+2	2.880671E-9	36.623583E+3	82.925863E+3	21.910873E+3	134.195268E+3	13.015823E+3	0.000000E+0	0.000000E+0	0.000000E+0	51.881761E+3	25.000000	0.000000	0.000000	0.000000
2021-03-31 13:01:40	3.7000333008E+9	2.880671E-9	1.010562E+4	1.010480E+4	1.692871E+3	6.042851E+1	1.609140E+3	0.000000E+0	0.000000E+0	0.000000E+0	1.003172E+2	2.880671E-9	36.621087E+3	83.390328E+3	21.960667E+3	134.217448E+3	13.016785E+3	0.000000E+0	0.000000E+0	0.000000E+0	51.880721E+3	25.000000	0.000000	0.000000	0.000000
2021-03-31 13:02:33	3.7000333537E+9	2.880671E-9	1.010549E+4	1.010899E+4	1.692918E+3	6.043420E+1	1.609127E+3	0.000000E+0	0.000000E+0	0.000000E+0	1.003226E+2	2.880671E-9	36.625989E+3	82.907507E+3	21.954577E+3	134.192346E+3	13.016368E+3	0.000000E+0	0.000000E+0	0.000000E+0	51.882088E+3	25.000000	0.000000	0.000000	0.000000
2021-03-31 13:03:32	3.7000334123E+9	2.880671E-9	1.010563E+4	1.010806E+4	1.693470E+3	6.045438E+1	1.609178E+3	0.000000E+0	0.000000E+0	0.000000E+0	1.003258E+2	2.880671E-9	36.620505E+3	83.014092E+3	21.883235E+3	134.103407E+3	13.017963E+3	0.000000E+0	0.000000E+0	0.000000E+0	51.882928E+3	25.000000	0.000000	0.000000	0.000000
2021-03-31 13:04:24	3.7000334648E+9	2.880671E-9	1.010555E+4	1.010649E+4	1.693717E+3	6.045637E+1	1.609196E+3	0.000000E+0	0.000000E+0	0.000000E+0	1.003315E+2	2.880671E-9	36.623901E+3	83.194784E+3	21.851455E+3	134.094648E+3	13.018570E+3	0.000000E+0	0.000000E+0	0.000000E+0	51.884390E+3	25.000000	0.000000	0.000000	0.000000
2021-03-31 13:05:17	3.7000335173E+9	2.880671E-9	1.010583E+4	1.010681E+4	1.693448E+3	6.047314E+1	1.609206E+3	0.000000E+0	0.000000E+0	0.000000E+0	1.003384E+2	2.880671E-9	36.612471E+3	83.158196E+3	21.886087E+3	134.020778E+3	13.018807E+3	0.000000E+0	0.000000E+0	0.000000E+0	51.886153E+3	25.000000	0.000000	0.000000	0.000000
2021-03-31 13:06:20	3.7000335808E+9	2.880671E-9	1.010573E+4	1.010712E+4	1.693338E+3	6.047907E+1	1.609217E+3	0.000000E+0	0.000000E+0	0.000000E+0	1.003432E+2	2.880671E-9	36.616459E+3	83.122096E+3	21.900364E+3	133.994670E+3	13.019162E+3	0.000000E+0	0.000000E+0	0.000000E+0	51.887383E+3	25.000000	0.000000	0.000000	0.000000
2021-03-31 13:07:13	3.7000336335E+9	2.880671E-9	1.010589E+4	1.010710E+4	1.694098E+3	6.050463E+1	1.609248E+3	0.000000E+0	0.000000E+0	0.000000E+0	1.003460E+2	2.880671E-9	36.609929E+3	83.124915E+3	21.802486E+3	133.882193E+3	13.020190E+3	0.000000E+0	0.000000E+0	0.000000E+0	51.888103E+3	25.000000	0.000000	0.000000	0.000000
2021-03-31 13:08:12	3.7000336922E+9	2.880671E-9	1.010603E+4	1.010759E+4	1.693837E+3	6.050184E+1	1.609276E+3	0.000000E+0	0.000000E+0	0.000000E+0	1.003499E+2	2.880671E-9	36.604492E+3	83.068185E+3	21.836026E+3	133.894464E+3	13.021039E+3	0.000000E+0	0.000000E+0	0.000000E+0	51.889089E+3	25.000000	0.000000	0.000000	0.000000
2021-03-31 13:09:09	3.7000337491E+9	2.880671E-9	1.010618E+4	1.011012E+4	1.693600E+3	6.053559E+1	1.609312E+3	0.000000E+0	0.000000E+0	0.000000E+0	1.003525E+2	2.880671E-9	36.598429E+3	82.777903E+3	21.866584E+3	133.746126E+3	13.022138E+3	0.000000E+0	0.000000E+0	0.000000E+0	51.889755E+3	25.000000	0.000000	0.000000	0.000000
2021-03-31 13:10:01	3.7000338019E+9	2.880671E-9	1.010589E+4	1.010896E+4	1.693082E+3	6.055036E+1	1.609320E+3	0.000000E+0	0.000000E+0	0.000000E+0	1.003560E+2	2.880671E-9	36.610153E+3	82.911558E+3	21.933416E+3	133.681271E+3	13.022398E+3	0.000000E+0	0.000000E+0	0.000000E+0	51.890656E+3	25.000000	0.000000	0.000000	0.000000
2021-03-31 13:10:54	3.7000338544E+9	2.880671E-9	1.010631E+4	1.010783E+4	1.693208E+3	6.056726E+1	1.609341E+3	0.000000E+0	0.000000E+0	0.000000E+0	1.003538E+2	2.880671E-9	36.593076E+3	83.040606E+3	21.917053E+3	133.607143E+3	13.023060E+3	0.000000E+0	0.000000E+0	0.000000E+0	51.890082E+3	25.000000	0.000000	0.000000	0.000000
2021-03-31 13:11:57	3.7000339179E+9	2.880671E-9	1.010642E+4	1.010855E+4	1.693195E+3	6.057337E+1	1.609372E+3	0.000000E+0	0.000000E+0	0.000000E+0	1.003503E+2	2.880671E-9	36.588459E+3	82.958321E+3	21.918728E+3	133.580335E+3	13.024057E+3	0.000000E+0	0.000000E+0	0.000000E+0	51.889195E+3	25.000000	0.000000	0.000000	0.000000
2021-03-31 13:12:50	3.7000339707E+9	2.880671E-9	1.010636E+4	1.010850E+4	1.693662E+3	6.056135E+1	1.609377E+3	0.000000E+0	0.000000E+0	0.000000E+0	1.003568E+2	2.880671E-9	36.591011E+3	82.963311E+3	21.858504E+3	133.633037E+3	13.024145E+3	0.000000E+0	0.000000E+0	0.000000E+0	51.890856E+3	25.000000	0.000000	0.000000	0.000000
2021-03-31 13:13:43	3.7000340235E+9	2.880671E-9	1.010639E+4	1.011127E+4	1.692934E+3	6.056608E+1	1.609393E+3	0.000000E+0	0.000000E+0	0.000000E+0	1.003512E+2	2.880671E-9	36.589939E+3	82.646807E+3	21.952579E+3	133.612290E+3	13.024647E+3	0.000000E+0	0.000000E+0	0.000000E+0	51.889434E+3	25.000000	0.000000	0.000000	0.000000
2021-03-31 13:14:41	3.7000340819E+9	2.880671E-9	1.010637E+4	1.010886E+4	1.692747E+3	6.060175E+1	1.609416E+3	0.000000E+0	0.000000E+0	0.000000E+0	1.003483E+2	2.880671E-9	36.590659E+3	82.922901E+3	21.976833E+3	133.455925E+3	13.025371E+3	0.000000E+0	0.000000E+0	0.000000E+0	51.888690E+3	25.000000	0.000000	0.000000	0.000000
2021-03-31 13:15:34	3.7000341345E+9	2.880671E-9	1.010659E+4	1.010747E+4	1.694328E+3	6.060450E+1	1.609436E+3	0.000000E+0	0.000000E+0	0.000000E+0	1.003450E+2	2.880671E-9	36.581886E+3	83.082454E+3	21.772987E+3	133.443888E+3	13.025984E+3	0.000000E+0	0.000000E+0	0.000000E+0	51.887843E+3	25.000000	0.000000	0.000000	0.000000
2021-03-31 13:16:37	3.7000341979E+9	2.880671E-9	1.010654E+4	1.011059E+4	1.692740E+3	6.061399E+1	1.609468E+3	0.000000E+0	0.000000E+0	0.000000E+0	1.003362E+2	2.880671E-9	36.583970E+3	82.724194E+3	21.977687E+3	133.402323E+3	13.027003E+3	0.000000E+0	0.000000E+0	0.000000E+0	51.885573E+3	25.000000	0.000000	0.000000	0.000000
2021-03-31 13:17:32	3.7000342526E+9	2.880671E-9	1.010674E+4	1.010845E+4	1.693132E+3	6.063074E+1	1.609476E+3	0.000000E+0	0.000000E+0	0.000000E+0	1.003315E+2	2.880671E-9	36.575565E+3	82.969346E+3	21.926929E+3	133.329057E+3	13.027225E+3	0.000000E+0	0.000000E+0	0.000000E+0	51.884368E+3	25.000000	0.000000	0.000000	0.000000
2021-03-31 13:18:25	3.7000343054E+9	2.880671E-9	1.010676E+4	1.010936E+4	1.693130E+3	6.064803E+1	1.609509E+3	0.000000E+0	0.000000E+0	0.000000E+0	1.003277E+2	2.880671E-9	36.574994E+3	82.865548E+3	21.927147E+3	133.253426E+3	13.028228E+3	0.000000E+0	0.000000E+0	0.000000E+0	51.883409E+3	25.000000	0.000000	0.000000	0.000000
2021-03-31 13:19:23	3.7000343636E+9	2.880671E-9	1.010707E+4	1.011023E+4	1.693897E+3	6.065622E+1	1.609530E+3	0.000000E+0	0.000000E+0	0.000000E+0	1.003159E+2	2.880671E-9	36.562483E+3	82.765697E+3	21.828328E+3	133.217621E+3	13.028933E+3	0.000000E+0	0.000000E+0	0.000000E+0	51.880386E+3	25.000000	0.000000	0.000000	0.000000
2021-03-31 13:20:16	3.7000344161E+9	2.880671E-9	1.010668E+4	1.010930E+4	1.693992E+3	6.066184E+1	1.609540E+3	0.000000E+0	0.000000E+0	0.000000E+0	1.003110E+2	2.880671E-9	36.578052E+3	82.872218E+3	21.816153E+3	133.193059E+3	13.029168E+3	0.000000E+0	0.000000E+0	0.000000E+0	51.879114E+3	25.000000	0.000000	0.000000	0.000000
2021-03-31 13:21:08	3.7000344687E+9	2.880671E-9	1.010691E+4	1.011071E+4	1.693552E+3	6.068282E+1	1.609547E+3	0.000000E+0	0.000000E+0	0.000000E+0	1.003031E+2	2.880671E-9	36.568728E+3	82.710870E+3	21.872753E+3	133.101430E+3	13.029358E+3	0.000000E+0	0.000000E+0	0.000000E+0	51.877111E+3	25.000000	0.000000	0.000000	0.000000
2021-03-31 13:22:11	3.7000345318E+9	2.880671E-9	1.010708E+4	1.010855E+4	1.693725E+3	6.069595E+1	1.609556E+3	0.000000E+0	0.000000E+0	0.000000E+0	1.002932E+2	2.880671E-9	36.562089E+3	82.958491E+3	21.850388E+3	133.044126E+3	13.029732E+3	0.000000E+0	0.000000E+0	0.000000E+0	51.874561E+3	25.000000	0.000000	0.000000	0.000000
2021-03-31 13:23:04	3.7000345843E+9	2.880671E-9	1.010726E+4	1.010890E+4	1.693642E+3	6.069693E+1	1.609593E+3	0.000000E+0	0.000000E+0	0.000000E+0	1.002952E+2	2.880671E-9	36.554831E+3	82.917892E+3	21.861101E+3	133.039854E+3	13.030917E+3	0.000000E+0	0.000000E+0	0.000000E+0	51.875069E+3	25.000000	0.000000	0.000000	0.000000
2021-03-31 13:23:56	3.7000346369E+9	2.880671E-9	1.010730E+4	1.010997E+4	1.693684E+3	6.072398E+1	1.609618E+3	0.000000E+0	0.000000E+0	0.000000E+0	1.002947E+2	2.880671E-9	36.553010E+3	82.795382E+3	21.855683E+3	132.921882E+3	13.031623E+3	0.000000E+0	0.000000E+0	0.000000E+0	51.874948E+3	25.000000	0.000000	0.000000	0.000000
2021-03-31 13:24:55	3.7000346953E+9	2.880671E-9	1.010721E+4	1.010852E+4	1.693542E+3	6.071862E+1	1.609637E+3	0.000000E+0	0.000000E+0	0.000000E+0	1.002915E+2	2.880671E-9	36.556939E+3	82.961532E+3	21.873937E+3	132.945226E+3	13.032194E+3	0.000000E+0	0.000000E+0	0.000000E+0	51.874119E+3	25.000000	0.000000	0.000000	0.000000
2021-03-31 13:25:49	3.7000347499E+9	2.880671E-9	1.010754E+4	1.010942E+4	1.693685E+3	6.073722E+1	1.609655E+3	0.000000E+0	0.000000E+0	0.000000E+0	1.002921E+2	2.880671E-9	36.543677E+3	82.858082E+3	21.855571E+3	132.864189E+3	13.032732E+3	0.000000E+0	0.000000E+0	0.000000E+0	51.874291E+3	25.000000	0.000000	0.000000	0.000000
2021-03-31 13:26:42	3.7000348024E+9	2.880671E-9	1.010754E+4	1.010950E+4	1.693138E+3	6.073635E+1	1.609690E+3	0.000000E+0	0.000000E+0	0.000000E+0	1.002981E+2	2.880671E-9	36.543441E+3	82.848715E+3	21.926178E+3	132.867962E+3	13.033914E+3	0.000000E+0	0.000000E+0	0.000000E+0	51.875813E+3	25.000000	0.000000	0.000000	0.000000
2021-03-31 13:27:45	3.7000348657E+9	2.880671E-9	1.010805E+4	1.010798E+4	1.693856E+3	6.075392E+1	1.609712E+3	0.000000E+0	0.000000E+0	0.000000E+0	1.003033E+2	2.880671E-9	36.522819E+3	83.023605E+3	21.833591E+3	132.791438E+3	13.034559E+3	0.000000E+0	0.000000E+0	0.000000E+0	51.877155E+3	25.000000	0.000000	0.000000	0.000000
2021-03-31 13:28:38	3.7000349180E+9	2.880671E-9	1.010778E+4	1.011114E+4	1.692924E+3	6.077814E+1	1.609723E+3	0.000000E+0	0.000000E+0	0.000000E+0	1.003027E+2	2.880671E-9	36.533984E+3	82.661081E+3	21.953879E+3	132.686056E+3	13.034861E+3	0.000000E+0	0.000000E+0	0.000000E+0	51.877007E+3	25.000000	0.000000	0.000000	0.000000
2021-03-31 13:29:30	3.7000349706E+9	2.880671E-9	1.010777E+4	1.011091E+4	1.693223E+3	6.078857E+1	1.609739E+3	0.000000E+0	0.000000E+0	0.000000E+0	1.003010E+2	2.880671E-9	36.534314E+3	82.688156E+3	21.915154E+3	132.640707E+3	13.035344E+3	0.000000E+0	0.000000E+0	0.000000E+0	51.876564E+3	25.000000	0.000000	0.000000	0.000000
2021-03-31 13:30:28	3.7000350289E+9	2.880671E-9	1.010782E+4	1.010805E+4	1.693917E+3	6.079555E+1	1.609773E+3	0.000000E+0	0.000000E+0	0.000000E+0	1.003070E+2	2.880671E-9	36.532452E+3	83.015047E+3	21.825726E+3	132.610384E+3	13.036403E+3	0.000000E+0	0.000000E+0	0.000000E+0	51.878105E+3	25.000000	0.000000	0.000000	0.000000
2021-03-31 13:31:21	3.7000350814E+9	2.880671E-9	1.010780E+4	1.011032E+4	1.693940E+3	6.081654E+1	1.609787E+3	0.000000E+0	0.000000E+0	0.000000E+0	1.003073E+2	2.880671E-9	36.532885E+3	82.755726E+3	21.822849E+3	132.519179E+3	13.036849E+3	0.000000E+0	0.000000E+0	0.000000E+0	51.878176E+3	25.000000	0.000000	0.000000	0.000000
2021-03-31 13:32:24	3.7000351446E+9	2.880671E-9	1.010786E+4	1.011041E+4	1.694025E+3	6.081830E+1	1.609805E+3	0.000000E+0	0.000000E+0	0.000000E+0	1.003142E+2	2.880671E-9	36.530618E+3	82.745387E+3	21.811932E+3	132.511556E+3	13.037403E+3	0.000000E+0	0.000000E+0	0.000000E+0	51.879940E+3	25.000000	0.000000	0.000000	0.000000
2021-03-31 13:33:17	3.7000351972E+9	2.880671E-9	1.010807E+4	1.010909E+4	1.693313E+3	6.083542E+1	1.609826E+3	0.000000E+0	0.000000E+0	0.000000E+0	1.003125E+2	2.880671E-9	36.522326E+3	82.895667E+3	21.903522E+3	132.437250E+3	13.038041E+3	0.000000E+0	0.000000E+0	0.000000E+0	51.879502E+3	25.000000	0.000000	0.000000	0.000000
2021-03-31 13:34:11	3.7000352518E+9	2.880671E-9	1.010813E+4	1.011073E+4	1.693198E+3	6.085807E+1	1.609859E+3	0.000000E+0	0.000000E+0	0.000000E+0	1.003041E+2	2.880671E-9	36.519679E+3	82.708025E+3	21.918381E+3	132.339033E+3	13.039039E+3	0.000000E+0	0.000000E+0	0.000000E+0	51.877366E+3	25.000000	0.000000	0.000000	0.000000
2021-03-31 13:35:10	3.7000353101E+9	2.880671E-9	1.010803E+4	1.011162E+4	1.693542E+3	6.088310E+1	1.609856E+3	0.000000E+0	0.000000E+0	0.000000E+0	1.003060E+2	2.880671E-9	36.523831E+3	82.606514E+3	21.874047E+3	132.230581E+3	13.038967E+3	0.000000E+0	0.000000E+0	0.000000E+0	51.877837E+3	25.000000	0.000000	0.000000	0.000000
2021-03-31 13:36:02	3.7000353626E+9	2.880671E-9	1.010820E+4	1.010939E+4	1.693132E+3	6.087346E+1	1.609880E+3	0.000000E+0	0.000000E+0	0.000000E+0	1.003084E+2	2.880671E-9	36.517171E+3	82.861816E+3	21.926908E+3	132.272306E+3	13.039712E+3	0.000000E+0	0.000000E+0	0.000000E+0	51.878465E+3	25.000000	0.000000	0.000000	0.000000
