#

Date1	Date2	R0	R1	R2	R3	R4	R5	R6	R7	R8	R9	T0	T1	T2	T3	T4	T5	T6	T7	T8	T9	I0	I1	I2	I3
Date(String)	Date(Number)	C_still	3K	Still	MC - TT1810	MC - Cernox	50 mK				50K	C_still	3K	Still	MC - TT1810	MC - Cernox	50 mK				50K	Sorb3K	3K	Still	MC
		No Calibration	RuO2-10K-NEW	RuO2 10k	TT-1810	CernoxA - mk	RuO2 1k5	No Calibration	No Calibration	No Calibration	PT1000	No Calibration	RuO2-10K-NEW	RuO2 10k	TT-1810	CernoxA - mk	RuO2 1k5	No Calibration	No Calibration	No Calibration	PT1000				
2021-03-19 09:59:40	3.6989891806E+9	1.790591E-10	1.519403E+4	4.994012E+4	2.342193E+4	1.171013E+3	5.363468E+3	0.000000E+0	0.000000E+0	0.000000E+0	1.026306E+2	179.059111E-12	3.610354E+3	1.007367E+3	32.998074E+0	596.296289E+0	170.455925E+0	0.000000E+0	0.000000E+0	0.000000E+0	52.472335E+3	0.000000	0.000000	0.000000	0.000000
2021-03-19 09:59:43	3.6989891833E+9	1.790591E-10	1.519403E+4	4.994012E+4	2.341846E+4	1.171013E+3	5.363468E+3	0.000000E+0	0.000000E+0	0.000000E+0	1.026306E+2	179.059111E-12	3.610354E+3	1.007367E+3	33.005049E+0	596.296289E+0	170.455925E+0	0.000000E+0	0.000000E+0	0.000000E+0	52.472335E+3	0.000000	0.000000	0.000000	0.000000
2021-03-19 09:59:45	3.6989891860E+9	1.790591E-10	1.519403E+4	4.994012E+4	2.340570E+4	1.171013E+3	5.363468E+3	0.000000E+0	0.000000E+0	0.000000E+0	1.026306E+2	179.059111E-12	3.610354E+3	1.007367E+3	33.030723E+0	596.296289E+0	170.455925E+0	0.000000E+0	0.000000E+0	0.000000E+0	52.472335E+3	0.000000	0.000000	0.000000	0.000000
2021-03-19 09:59:48	3.6989891890E+9	1.790591E-10	1.519403E+4	4.994012E+4	2.342286E+4	1.171013E+3	5.363468E+3	0.000000E+0	0.000000E+0	0.000000E+0	1.026306E+2	179.059111E-12	3.610354E+3	1.007367E+3	32.996202E+0	596.296289E+0	170.455925E+0	0.000000E+0	0.000000E+0	0.000000E+0	52.472335E+3	0.000000	0.000000	0.000000	0.000000
2021-03-19 09:59:57	3.6989891978E+9	1.790591E-10	1.519403E+4	4.986142E+4	2.341317E+4	1.171013E+3	5.363468E+3	0.000000E+0	0.000000E+0	0.000000E+0	1.026306E+2	179.059111E-12	3.610354E+3	1.008839E+3	33.015693E+0	596.296289E+0	170.455925E+0	0.000000E+0	0.000000E+0	0.000000E+0	52.472335E+3	0.000000	0.000000	0.000000	0.000000
2021-03-19 10:00:00	3.6989892004E+9	1.790591E-10	1.519403E+4	4.986142E+4	2.340583E+4	1.171013E+3	5.363468E+3	0.000000E+0	0.000000E+0	0.000000E+0	1.026306E+2	179.059111E-12	3.610354E+3	1.008839E+3	33.030461E+0	596.296289E+0	170.455925E+0	0.000000E+0	0.000000E+0	0.000000E+0	52.472335E+3	0.000000	0.000000	0.000000	0.000000
2021-03-19 10:00:03	3.6989892035E+9	1.790591E-10	1.519403E+4	4.986142E+4	2.340233E+4	1.171013E+3	5.363468E+3	0.000000E+0	0.000000E+0	0.000000E+0	1.026306E+2	179.059111E-12	3.610354E+3	1.008839E+3	33.037492E+0	596.296289E+0	170.455925E+0	0.000000E+0	0.000000E+0	0.000000E+0	52.472335E+3	0.000000	0.000000	0.000000	0.000000
2021-03-19 10:00:06	3.6989892062E+9	1.790591E-10	1.519403E+4	4.986142E+4	2.340693E+4	1.171013E+3	5.363468E+3	0.000000E+0	0.000000E+0	0.000000E+0	1.026306E+2	179.059111E-12	3.610354E+3	1.008839E+3	33.028247E+0	596.296289E+0	170.455925E+0	0.000000E+0	0.000000E+0	0.000000E+0	52.472335E+3	0.000000	0.000000	0.000000	0.000000
2021-03-19 10:00:12	3.6989892129E+9	1.790591E-10	1.519403E+4	4.986142E+4	2.329249E+4	1.171013E+3	5.367814E+3	0.000000E+0	0.000000E+0	0.000000E+0	1.026306E+2	179.059111E-12	3.610354E+3	1.008839E+3	33.259757E+0	596.296289E+0	170.091716E+0	0.000000E+0	0.000000E+0	0.000000E+0	52.472335E+3	0.000000	0.000000	0.000000	0.000000
2021-03-19 10:00:16	3.6989892162E+9	1.790591E-10	1.519403E+4	4.986142E+4	2.338241E+4	1.171013E+3	5.367814E+3	0.000000E+0	0.000000E+0	0.000000E+0	1.026306E+2	179.059111E-12	3.610354E+3	1.008839E+3	33.077643E+0	596.296289E+0	170.091716E+0	0.000000E+0	0.000000E+0	0.000000E+0	52.472335E+3	0.000000	0.000000	0.000000	0.000000
2021-03-19 10:00:19	3.6989892195E+9	1.790591E-10	1.519403E+4	4.986142E+4	2.340164E+4	1.171013E+3	5.367814E+3	0.000000E+0	0.000000E+0	0.000000E+0	1.026306E+2	179.059111E-12	3.610354E+3	1.008839E+3	33.038895E+0	596.296289E+0	170.091716E+0	0.000000E+0	0.000000E+0	0.000000E+0	52.472335E+3	0.000000	0.000000	0.000000	0.000000
2021-03-19 10:00:22	3.6989892223E+9	1.790591E-10	1.519403E+4	4.986142E+4	2.339403E+4	1.171013E+3	5.367814E+3	0.000000E+0	0.000000E+0	0.000000E+0	1.026306E+2	179.059111E-12	3.610354E+3	1.008839E+3	33.054218E+0	596.296289E+0	170.091716E+0	0.000000E+0	0.000000E+0	0.000000E+0	52.472335E+3	0.000000	0.000000	0.000000	0.000000
2021-03-19 10:00:24	3.6989892249E+9	1.790591E-10	1.519403E+4	4.986142E+4	2.340025E+4	1.171013E+3	5.367814E+3	0.000000E+0	0.000000E+0	0.000000E+0	1.026306E+2	179.059111E-12	3.610354E+3	1.008839E+3	33.041686E+0	596.296289E+0	170.091716E+0	0.000000E+0	0.000000E+0	0.000000E+0	52.472335E+3	0.000000	0.000000	0.000000	0.000000
2021-03-19 10:00:27	3.6989892278E+9	1.790591E-10	1.519403E+4	4.986142E+4	2.340504E+4	1.171013E+3	5.367814E+3	0.000000E+0	0.000000E+0	0.000000E+0	1.026306E+2	179.059111E-12	3.610354E+3	1.008839E+3	33.032033E+0	596.296289E+0	170.091716E+0	0.000000E+0	0.000000E+0	0.000000E+0	52.472335E+3	0.000000	0.000000	0.000000	0.000000
2021-03-19 10:00:30	3.6989892307E+9	1.790591E-10	1.519403E+4	4.986142E+4	2.341031E+4	1.171013E+3	5.367814E+3	0.000000E+0	0.000000E+0	0.000000E+0	1.026306E+2	179.059111E-12	3.610354E+3	1.008839E+3	33.021444E+0	596.296289E+0	170.091716E+0	0.000000E+0	0.000000E+0	0.000000E+0	52.472335E+3	0.000000	0.000000	0.000000	0.000000
2021-03-19 10:00:33	3.6989892336E+9	1.790591E-10	1.519403E+4	4.986142E+4	2.339887E+4	1.171013E+3	5.367814E+3	0.000000E+0	0.000000E+0	0.000000E+0	1.026306E+2	179.059111E-12	3.610354E+3	1.008839E+3	33.044473E+0	596.296289E+0	170.091716E+0	0.000000E+0	0.000000E+0	0.000000E+0	52.472335E+3	0.000000	0.000000	0.000000	0.000000
2021-03-19 10:00:36	3.6989892367E+9	1.790591E-10	1.519403E+4	4.986142E+4	2.341573E+4	1.171013E+3	5.367814E+3	0.000000E+0	0.000000E+0	0.000000E+0	1.026306E+2	179.059111E-12	3.610354E+3	1.008839E+3	33.010544E+0	596.296289E+0	170.091716E+0	0.000000E+0	0.000000E+0	0.000000E+0	52.472335E+3	0.000000	0.000000	0.000000	0.000000
2021-03-19 10:00:53	3.6989892532E+9	1.790462E-10	1.519403E+4	4.986142E+4	2.341943E+4	1.171013E+3	5.367814E+3	0.000000E+0	0.000000E+0	0.000000E+0	1.026306E+2	179.046199E-12	3.610354E+3	1.008839E+3	33.003096E+0	596.296289E+0	170.091716E+0	0.000000E+0	0.000000E+0	0.000000E+0	52.472335E+3	0.000000	0.000000	0.000000	0.000000
2021-03-19 10:00:55	3.6989892558E+9	1.790462E-10	1.519403E+4	4.986142E+4	2.342178E+4	1.171013E+3	5.367814E+3	0.000000E+0	0.000000E+0	0.000000E+0	1.026306E+2	179.046199E-12	3.610354E+3	1.008839E+3	32.998382E+0	596.296289E+0	170.091716E+0	0.000000E+0	0.000000E+0	0.000000E+0	52.472335E+3	0.000000	0.000000	0.000000	0.000000
2021-03-19 10:00:58	3.6989892589E+9	1.790462E-10	1.519403E+4	4.986142E+4	2.342121E+4	1.171013E+3	5.367814E+3	0.000000E+0	0.000000E+0	0.000000E+0	1.026306E+2	179.046199E-12	3.610354E+3	1.008839E+3	32.999524E+0	596.296289E+0	170.091716E+0	0.000000E+0	0.000000E+0	0.000000E+0	52.472335E+3	0.000000	0.000000	0.000000	0.000000
2021-03-19 10:01:02	3.6989892621E+9	1.790462E-10	1.519403E+4	4.986142E+4	2.341253E+4	1.171013E+3	5.367814E+3	0.000000E+0	0.000000E+0	0.000000E+0	1.026306E+2	179.046199E-12	3.610354E+3	1.008839E+3	33.016977E+0	596.296289E+0	170.091716E+0	0.000000E+0	0.000000E+0	0.000000E+0	52.472335E+3	0.000000	0.000000	0.000000	0.000000
2021-03-19 10:01:04	3.6989892647E+9	1.790462E-10	1.519403E+4	4.986142E+4	2.341629E+4	1.171013E+3	5.367814E+3	0.000000E+0	0.000000E+0	0.000000E+0	1.026306E+2	179.046199E-12	3.610354E+3	1.008839E+3	33.009405E+0	596.296289E+0	170.091716E+0	0.000000E+0	0.000000E+0	0.000000E+0	52.472335E+3	0.000000	0.000000	0.000000	0.000000
2021-03-19 10:01:07	3.6989892678E+9	1.790462E-10	1.519403E+4	4.986142E+4	2.341534E+4	1.171013E+3	5.367814E+3	0.000000E+0	0.000000E+0	0.000000E+0	1.026306E+2	179.046199E-12	3.610354E+3	1.008839E+3	33.011316E+0	596.296289E+0	170.091716E+0	0.000000E+0	0.000000E+0	0.000000E+0	52.472335E+3	0.000000	0.000000	0.000000	0.000000
2021-03-19 10:01:10	3.6989892703E+9	1.790462E-10	1.519403E+4	4.986142E+4	2.340850E+4	1.171013E+3	5.367814E+3	0.000000E+0	0.000000E+0	0.000000E+0	1.026306E+2	179.046199E-12	3.610354E+3	1.008839E+3	33.025071E+0	596.296289E+0	170.091716E+0	0.000000E+0	0.000000E+0	0.000000E+0	52.472335E+3	0.000000	0.000000	0.000000	0.000000
2021-03-19 10:01:18	3.6989892788E+9	1.790462E-10	1.519313E+4	4.986142E+4	2.341995E+4	1.171013E+3	5.367814E+3	0.000000E+0	0.000000E+0	0.000000E+0	1.026306E+2	179.046199E-12	3.610963E+3	1.008839E+3	33.002045E+0	596.296289E+0	170.091716E+0	0.000000E+0	0.000000E+0	0.000000E+0	52.472335E+3	0.000000	0.000000	0.000000	0.000000
2021-03-19 10:01:21	3.6989892817E+9	1.790462E-10	1.519313E+4	4.986142E+4	2.342011E+4	1.171013E+3	5.367814E+3	0.000000E+0	0.000000E+0	0.000000E+0	1.026306E+2	179.046199E-12	3.610963E+3	1.008839E+3	33.001721E+0	596.296289E+0	170.091716E+0	0.000000E+0	0.000000E+0	0.000000E+0	52.472335E+3	0.000000	0.000000	0.000000	0.000000
2021-03-19 10:01:24	3.6989892847E+9	1.790462E-10	1.519313E+4	4.986142E+4	2.342352E+4	1.171013E+3	5.367814E+3	0.000000E+0	0.000000E+0	0.000000E+0	1.026306E+2	179.046199E-12	3.610963E+3	1.008839E+3	32.994876E+0	596.296289E+0	170.091716E+0	0.000000E+0	0.000000E+0	0.000000E+0	52.472335E+3	0.000000	0.000000	0.000000	0.000000
2021-03-19 10:01:27	3.6989892875E+9	1.790462E-10	1.519313E+4	4.986142E+4	2.341352E+4	1.171013E+3	5.367814E+3	0.000000E+0	0.000000E+0	0.000000E+0	1.026306E+2	179.046199E-12	3.610963E+3	1.008839E+3	33.014990E+0	596.296289E+0	170.091716E+0	0.000000E+0	0.000000E+0	0.000000E+0	52.472335E+3	0.000000	0.000000	0.000000	0.000000
2021-03-19 10:01:30	3.6989892903E+9	1.790462E-10	1.519313E+4	4.986142E+4	2.342917E+4	1.171013E+3	5.367814E+3	0.000000E+0	0.000000E+0	0.000000E+0	1.026306E+2	179.046199E-12	3.610963E+3	1.008839E+3	32.983535E+0	596.296289E+0	170.091716E+0	0.000000E+0	0.000000E+0	0.000000E+0	52.472335E+3	0.000000	0.000000	0.000000	0.000000
2021-03-19 10:01:33	3.6989892933E+9	1.790462E-10	1.519313E+4	4.986142E+4	2.340507E+4	1.171013E+3	5.367814E+3	0.000000E+0	0.000000E+0	0.000000E+0	1.026306E+2	179.046199E-12	3.610963E+3	1.008839E+3	33.031973E+0	596.296289E+0	170.091716E+0	0.000000E+0	0.000000E+0	0.000000E+0	52.472335E+3	0.000000	0.000000	0.000000	0.000000
2021-03-19 10:01:35	3.6989892959E+9	1.790462E-10	1.519313E+4	4.986142E+4	2.340812E+4	1.171013E+3	5.367814E+3	0.000000E+0	0.000000E+0	0.000000E+0	1.026306E+2	179.046199E-12	3.610963E+3	1.008839E+3	33.025846E+0	596.296289E+0	170.091716E+0	0.000000E+0	0.000000E+0	0.000000E+0	52.472335E+3	0.000000	0.000000	0.000000	0.000000
2021-03-19 10:01:38	3.6989892986E+9	1.790462E-10	1.519313E+4	4.986142E+4	2.342811E+4	1.171013E+3	5.367814E+3	0.000000E+0	0.000000E+0	0.000000E+0	1.026306E+2	179.046199E-12	3.610963E+3	1.008839E+3	32.985653E+0	596.296289E+0	170.091716E+0	0.000000E+0	0.000000E+0	0.000000E+0	52.472335E+3	0.000000	0.000000	0.000000	0.000000
2021-03-19 10:01:41	3.6989893015E+9	1.790462E-10	1.519313E+4	4.986142E+4	2.342905E+4	1.171013E+3	5.367814E+3	0.000000E+0	0.000000E+0	0.000000E+0	1.026306E+2	179.046199E-12	3.610963E+3	1.008839E+3	32.983780E+0	596.296289E+0	170.091716E+0	0.000000E+0	0.000000E+0	0.000000E+0	52.472335E+3	0.000000	0.000000	0.000000	0.000000
2021-03-19 10:01:44	3.6989893045E+9	1.790462E-10	1.519313E+4	4.986142E+4	2.343427E+4	1.171013E+3	5.367814E+3	0.000000E+0	0.000000E+0	0.000000E+0	1.026306E+2	179.046199E-12	3.610963E+3	1.008839E+3	32.973289E+0	596.296289E+0	170.091716E+0	0.000000E+0	0.000000E+0	0.000000E+0	52.472335E+3	0.000000	0.000000	0.000000	0.000000
2021-03-19 10:01:47	3.6989893072E+9	1.790462E-10	1.519313E+4	4.986142E+4	2.341737E+4	1.171013E+3	5.367814E+3	0.000000E+0	0.000000E+0	0.000000E+0	1.026306E+2	179.046199E-12	3.610963E+3	1.008839E+3	33.007238E+0	596.296289E+0	170.091716E+0	0.000000E+0	0.000000E+0	0.000000E+0	52.472335E+3	0.000000	0.000000	0.000000	0.000000
2021-03-19 10:01:49	3.6989893098E+9	1.790462E-10	1.519313E+4	4.986142E+4	2.340873E+4	1.171013E+3	5.367814E+3	0.000000E+0	0.000000E+0	0.000000E+0	1.026306E+2	179.046199E-12	3.610963E+3	1.008839E+3	33.024621E+0	596.296289E+0	170.091716E+0	0.000000E+0	0.000000E+0	0.000000E+0	52.472335E+3	0.000000	0.000000	0.000000	0.000000
2021-03-19 10:01:52	3.6989893126E+9	1.790462E-10	1.519313E+4	4.986142E+4	2.343032E+4	1.171013E+3	5.367814E+3	0.000000E+0	0.000000E+0	0.000000E+0	1.026306E+2	179.046199E-12	3.610963E+3	1.008839E+3	32.981229E+0	596.296289E+0	170.091716E+0	0.000000E+0	0.000000E+0	0.000000E+0	52.472335E+3	0.000000	0.000000	0.000000	0.000000
2021-03-19 10:01:55	3.6989893154E+9	1.790462E-10	1.519313E+4	4.986142E+4	2.341653E+4	1.171013E+3	5.367814E+3	0.000000E+0	0.000000E+0	0.000000E+0	1.026306E+2	179.046199E-12	3.610963E+3	1.008839E+3	33.008921E+0	596.296289E+0	170.091716E+0	0.000000E+0	0.000000E+0	0.000000E+0	52.472335E+3	0.000000	0.000000	0.000000	0.000000
2021-03-19 10:01:58	3.6989893183E+9	1.790462E-10	1.519313E+4	4.986142E+4	2.342312E+4	1.171013E+3	5.367814E+3	0.000000E+0	0.000000E+0	0.000000E+0	1.026306E+2	179.046199E-12	3.610963E+3	1.008839E+3	32.995685E+0	596.296289E+0	170.091716E+0	0.000000E+0	0.000000E+0	0.000000E+0	52.472335E+3	0.000000	0.000000	0.000000	0.000000
2021-03-19 10:02:01	3.6989893213E+9	1.790462E-10	1.519313E+4	4.986142E+4	2.342898E+4	1.171013E+3	5.367814E+3	0.000000E+0	0.000000E+0	0.000000E+0	1.026306E+2	179.046199E-12	3.610963E+3	1.008839E+3	32.983906E+0	596.296289E+0	170.091716E+0	0.000000E+0	0.000000E+0	0.000000E+0	52.472335E+3	0.000000	0.000000	0.000000	0.000000
2021-03-19 10:02:03	3.6989893239E+9	1.790462E-10	1.519313E+4	4.986142E+4	2.343278E+4	1.171013E+3	5.367814E+3	0.000000E+0	0.000000E+0	0.000000E+0	1.026306E+2	179.046199E-12	3.610963E+3	1.008839E+3	32.976290E+0	596.296289E+0	170.091716E+0	0.000000E+0	0.000000E+0	0.000000E+0	52.472335E+3	0.000000	0.000000	0.000000	0.000000
2021-03-19 10:02:06	3.6989893267E+9	1.790462E-10	1.519313E+4	4.986142E+4	2.342455E+4	1.171013E+3	5.367814E+3	0.000000E+0	0.000000E+0	0.000000E+0	1.026306E+2	179.046199E-12	3.610963E+3	1.008839E+3	32.992804E+0	596.296289E+0	170.091716E+0	0.000000E+0	0.000000E+0	0.000000E+0	52.472335E+3	0.000000	0.000000	0.000000	0.000000
2021-03-19 10:02:09	3.6989893298E+9	1.790462E-10	1.519313E+4	4.986142E+4	2.342251E+4	1.171013E+3	5.367814E+3	0.000000E+0	0.000000E+0	0.000000E+0	1.026306E+2	179.046199E-12	3.610963E+3	1.008839E+3	32.996898E+0	596.296289E+0	170.091716E+0	0.000000E+0	0.000000E+0	0.000000E+0	52.472335E+3	0.000000	0.000000	0.000000	0.000000
2021-03-19 10:02:12	3.6989893324E+9	1.790462E-10	1.519313E+4	4.986142E+4	2.343250E+4	1.171013E+3	5.367814E+3	0.000000E+0	0.000000E+0	0.000000E+0	1.026306E+2	179.046199E-12	3.610963E+3	1.008839E+3	32.976846E+0	596.296289E+0	170.091716E+0	0.000000E+0	0.000000E+0	0.000000E+0	52.472335E+3	0.000000	0.000000	0.000000	0.000000
2021-03-19 10:02:15	3.6989893352E+9	1.790462E-10	1.519313E+4	4.986142E+4	2.342959E+4	1.171013E+3	5.367814E+3	0.000000E+0	0.000000E+0	0.000000E+0	1.026306E+2	179.046199E-12	3.610963E+3	1.008839E+3	32.982683E+0	596.296289E+0	170.091716E+0	0.000000E+0	0.000000E+0	0.000000E+0	52.472335E+3	0.000000	0.000000	0.000000	0.000000
2021-03-19 10:02:17	3.6989893377E+9	1.790462E-10	1.519313E+4	4.986142E+4	2.343345E+4	1.171013E+3	5.367814E+3	0.000000E+0	0.000000E+0	0.000000E+0	1.026306E+2	179.046199E-12	3.610963E+3	1.008839E+3	32.974926E+0	596.296289E+0	170.091716E+0	0.000000E+0	0.000000E+0	0.000000E+0	52.472335E+3	0.000000	0.000000	0.000000	0.000000
2021-03-19 10:02:20	3.6989893407E+9	1.790462E-10	1.519313E+4	4.986142E+4	2.341614E+4	1.171013E+3	5.367814E+3	0.000000E+0	0.000000E+0	0.000000E+0	1.026306E+2	179.046199E-12	3.610963E+3	1.008839E+3	33.009707E+0	596.296289E+0	170.091716E+0	0.000000E+0	0.000000E+0	0.000000E+0	52.472335E+3	0.000000	0.000000	0.000000	0.000000
2021-03-19 10:02:23	3.6989893435E+9	1.790462E-10	1.519313E+4	4.986142E+4	2.343622E+4	1.171013E+3	5.367814E+3	0.000000E+0	0.000000E+0	0.000000E+0	1.026306E+2	179.046199E-12	3.610963E+3	1.008839E+3	32.969380E+0	596.296289E+0	170.091716E+0	0.000000E+0	0.000000E+0	0.000000E+0	52.472335E+3	0.000000	0.000000	0.000000	0.000000
2021-03-19 10:02:26	3.6989893463E+9	1.790462E-10	1.519313E+4	4.986142E+4	2.342337E+4	1.171013E+3	5.367814E+3	0.000000E+0	0.000000E+0	0.000000E+0	1.026306E+2	179.046199E-12	3.610963E+3	1.008839E+3	32.995175E+0	596.296289E+0	170.091716E+0	0.000000E+0	0.000000E+0	0.000000E+0	52.472335E+3	0.000000	0.000000	0.000000	0.000000
2021-03-19 10:02:29	3.6989893491E+9	1.790462E-10	1.519313E+4	4.986142E+4	2.343772E+4	1.171013E+3	5.367814E+3	0.000000E+0	0.000000E+0	0.000000E+0	1.026306E+2	179.046199E-12	3.610963E+3	1.008839E+3	32.966362E+0	596.296289E+0	170.091716E+0	0.000000E+0	0.000000E+0	0.000000E+0	52.472335E+3	0.000000	0.000000	0.000000	0.000000
2021-03-19 10:02:32	3.6989893522E+9	1.790462E-10	1.519313E+4	4.986142E+4	2.342816E+4	1.171013E+3	5.367814E+3	0.000000E+0	0.000000E+0	0.000000E+0	1.026306E+2	179.046199E-12	3.610963E+3	1.008839E+3	32.985561E+0	596.296289E+0	170.091716E+0	0.000000E+0	0.000000E+0	0.000000E+0	52.472335E+3	0.000000	0.000000	0.000000	0.000000
2021-03-19 10:02:34	3.6989893549E+9	1.790462E-10	1.519313E+4	4.986142E+4	2.345077E+4	1.171013E+3	5.367814E+3	0.000000E+0	0.000000E+0	0.000000E+0	1.026306E+2	179.046199E-12	3.610963E+3	1.008839E+3	32.940201E+0	596.296289E+0	170.091716E+0	0.000000E+0	0.000000E+0	0.000000E+0	52.472335E+3	0.000000	0.000000	0.000000	0.000000
2021-03-19 10:02:37	3.6989893575E+9	1.790462E-10	1.519313E+4	4.986142E+4	2.343978E+4	1.171013E+3	5.367814E+3	0.000000E+0	0.000000E+0	0.000000E+0	1.026306E+2	179.046199E-12	3.610963E+3	1.008839E+3	32.962241E+0	596.296289E+0	170.091716E+0	0.000000E+0	0.000000E+0	0.000000E+0	52.472335E+3	0.000000	0.000000	0.000000	0.000000
2021-03-19 10:02:46	3.6989893662E+9	1.790462E-10	1.519313E+4	5.001959E+4	2.343646E+4	1.171013E+3	5.367814E+3	0.000000E+0	0.000000E+0	0.000000E+0	1.026306E+2	179.046199E-12	3.610963E+3	1.005885E+3	32.968889E+0	596.296289E+0	170.091716E+0	0.000000E+0	0.000000E+0	0.000000E+0	52.472335E+3	0.000000	0.000000	0.000000	0.000000
2021-03-19 10:02:48	3.6989893690E+9	1.790462E-10	1.519313E+4	5.001959E+4	2.344723E+4	1.171013E+3	5.367814E+3	0.000000E+0	0.000000E+0	0.000000E+0	1.026306E+2	179.046199E-12	3.610963E+3	1.005885E+3	32.947287E+0	596.296289E+0	170.091716E+0	0.000000E+0	0.000000E+0	0.000000E+0	52.472335E+3	0.000000	0.000000	0.000000	0.000000
2021-03-19 10:02:52	3.6989893720E+9	1.790462E-10	1.519313E+4	5.001959E+4	2.343915E+4	1.171013E+3	5.367814E+3	0.000000E+0	0.000000E+0	0.000000E+0	1.026306E+2	179.046199E-12	3.610963E+3	1.005885E+3	32.963497E+0	596.296289E+0	170.091716E+0	0.000000E+0	0.000000E+0	0.000000E+0	52.472335E+3	0.000000	0.000000	0.000000	0.000000
2021-03-19 10:02:54	3.6989893748E+9	1.790462E-10	1.519313E+4	5.001959E+4	2.343398E+4	1.171013E+3	5.367814E+3	0.000000E+0	0.000000E+0	0.000000E+0	1.026306E+2	179.046199E-12	3.610963E+3	1.005885E+3	32.973862E+0	596.296289E+0	170.091716E+0	0.000000E+0	0.000000E+0	0.000000E+0	52.472335E+3	0.000000	0.000000	0.000000	0.000000
2021-03-19 10:02:57	3.6989893774E+9	1.790462E-10	1.519313E+4	5.001959E+4	2.343885E+4	1.171013E+3	5.367814E+3	0.000000E+0	0.000000E+0	0.000000E+0	1.026306E+2	179.046199E-12	3.610963E+3	1.005885E+3	32.964093E+0	596.296289E+0	170.091716E+0	0.000000E+0	0.000000E+0	0.000000E+0	52.472335E+3	0.000000	0.000000	0.000000	0.000000
2021-03-19 10:03:04	3.6989893844E+9	1.790462E-10	1.519313E+4	5.001959E+4	2.332179E+4	1.171013E+3	5.370222E+3	0.000000E+0	0.000000E+0	0.000000E+0	1.026306E+2	179.046199E-12	3.610963E+3	1.005885E+3	33.200243E+0	596.296289E+0	169.890328E+0	0.000000E+0	0.000000E+0	0.000000E+0	52.472335E+3	0.000000	0.000000	0.000000	0.000000
2021-03-19 10:03:07	3.6989893871E+9	1.790462E-10	1.519313E+4	5.001959E+4	2.341847E+4	1.171013E+3	5.370222E+3	0.000000E+0	0.000000E+0	0.000000E+0	1.026306E+2	179.046199E-12	3.610963E+3	1.005885E+3	33.005034E+0	596.296289E+0	169.890328E+0	0.000000E+0	0.000000E+0	0.000000E+0	52.472335E+3	0.000000	0.000000	0.000000	0.000000
2021-03-19 10:03:10	3.6989893902E+9	1.790462E-10	1.519313E+4	5.001959E+4	2.342544E+4	1.171013E+3	5.370222E+3	0.000000E+0	0.000000E+0	0.000000E+0	1.026306E+2	179.046199E-12	3.610963E+3	1.005885E+3	32.991025E+0	596.296289E+0	169.890328E+0	0.000000E+0	0.000000E+0	0.000000E+0	52.472335E+3	0.000000	0.000000	0.000000	0.000000
2021-03-19 10:03:12	3.6989893929E+9	1.790462E-10	1.519313E+4	5.001959E+4	2.343187E+4	1.171013E+3	5.370222E+3	0.000000E+0	0.000000E+0	0.000000E+0	1.026306E+2	179.046199E-12	3.610963E+3	1.005885E+3	32.978099E+0	596.296289E+0	169.890328E+0	0.000000E+0	0.000000E+0	0.000000E+0	52.472335E+3	0.000000	0.000000	0.000000	0.000000
2021-03-19 10:03:15	3.6989893956E+9	1.790462E-10	1.519313E+4	5.001959E+4	2.344059E+4	1.171013E+3	5.370222E+3	0.000000E+0	0.000000E+0	0.000000E+0	1.026306E+2	179.046199E-12	3.610963E+3	1.005885E+3	32.960613E+0	596.296289E+0	169.890328E+0	0.000000E+0	0.000000E+0	0.000000E+0	52.472335E+3	0.000000	0.000000	0.000000	0.000000
2021-03-19 10:03:18	3.6989893984E+9	1.790462E-10	1.519313E+4	5.001959E+4	2.342727E+4	1.171013E+3	5.370222E+3	0.000000E+0	0.000000E+0	0.000000E+0	1.026306E+2	179.046199E-12	3.610963E+3	1.005885E+3	32.987337E+0	596.296289E+0	169.890328E+0	0.000000E+0	0.000000E+0	0.000000E+0	52.472335E+3	0.000000	0.000000	0.000000	0.000000
2021-03-19 10:03:21	3.6989894012E+9	1.790462E-10	1.519313E+4	5.001959E+4	2.344627E+4	1.171013E+3	5.370222E+3	0.000000E+0	0.000000E+0	0.000000E+0	1.026306E+2	179.046199E-12	3.610963E+3	1.005885E+3	32.949220E+0	596.296289E+0	169.890328E+0	0.000000E+0	0.000000E+0	0.000000E+0	52.472335E+3	0.000000	0.000000	0.000000	0.000000
2021-03-19 10:03:23	3.6989894039E+9	1.790462E-10	1.519313E+4	5.001959E+4	2.343657E+4	1.171013E+3	5.370222E+3	0.000000E+0	0.000000E+0	0.000000E+0	1.026306E+2	179.046199E-12	3.610963E+3	1.005885E+3	32.968681E+0	596.296289E+0	169.890328E+0	0.000000E+0	0.000000E+0	0.000000E+0	52.472335E+3	0.000000	0.000000	0.000000	0.000000
2021-03-19 10:03:26	3.6989894070E+9	1.790462E-10	1.519313E+4	5.001959E+4	2.345556E+4	1.171013E+3	5.370222E+3	0.000000E+0	0.000000E+0	0.000000E+0	1.026306E+2	179.046199E-12	3.610963E+3	1.005885E+3	32.930596E+0	596.296289E+0	169.890328E+0	0.000000E+0	0.000000E+0	0.000000E+0	52.472335E+3	0.000000	0.000000	0.000000	0.000000
2021-03-19 10:03:29	3.6989894098E+9	1.790462E-10	1.519313E+4	5.001959E+4	2.344143E+4	1.171013E+3	5.370222E+3	0.000000E+0	0.000000E+0	0.000000E+0	1.026306E+2	179.046199E-12	3.610963E+3	1.005885E+3	32.958930E+0	596.296289E+0	169.890328E+0	0.000000E+0	0.000000E+0	0.000000E+0	52.472335E+3	0.000000	0.000000	0.000000	0.000000
2021-03-19 10:03:32	3.6989894126E+9	1.790462E-10	1.519313E+4	5.001959E+4	2.345086E+4	1.171013E+3	5.370222E+3	0.000000E+0	0.000000E+0	0.000000E+0	1.026306E+2	179.046199E-12	3.610963E+3	1.005885E+3	32.940021E+0	596.296289E+0	169.890328E+0	0.000000E+0	0.000000E+0	0.000000E+0	52.472335E+3	0.000000	0.000000	0.000000	0.000000
2021-03-19 10:03:49	3.6989894294E+9	1.790628E-10	1.519313E+4	5.001959E+4	2.343810E+4	1.171013E+3	5.370222E+3	0.000000E+0	0.000000E+0	0.000000E+0	1.026306E+2	179.062750E-12	3.610963E+3	1.005885E+3	32.965596E+0	596.296289E+0	169.890328E+0	0.000000E+0	0.000000E+0	0.000000E+0	52.472335E+3	0.000000	0.000000	0.000000	0.000000
2021-03-19 10:03:52	3.6989894321E+9	1.790628E-10	1.519313E+4	5.001959E+4	2.344372E+4	1.171013E+3	5.370222E+3	0.000000E+0	0.000000E+0	0.000000E+0	1.026306E+2	179.062750E-12	3.610963E+3	1.005885E+3	32.954328E+0	596.296289E+0	169.890328E+0	0.000000E+0	0.000000E+0	0.000000E+0	52.472335E+3	0.000000	0.000000	0.000000	0.000000
2021-03-19 10:03:54	3.6989894350E+9	1.790628E-10	1.519313E+4	5.001959E+4	2.345456E+4	1.171013E+3	5.370222E+3	0.000000E+0	0.000000E+0	0.000000E+0	1.026306E+2	179.062750E-12	3.610963E+3	1.005885E+3	32.932602E+0	596.296289E+0	169.890328E+0	0.000000E+0	0.000000E+0	0.000000E+0	52.472335E+3	0.000000	0.000000	0.000000	0.000000
2021-03-19 10:03:57	3.6989894377E+9	1.790628E-10	1.519313E+4	5.001959E+4	2.343868E+4	1.171013E+3	5.370222E+3	0.000000E+0	0.000000E+0	0.000000E+0	1.026306E+2	179.062750E-12	3.610963E+3	1.005885E+3	32.964441E+0	596.296289E+0	169.890328E+0	0.000000E+0	0.000000E+0	0.000000E+0	52.472335E+3	0.000000	0.000000	0.000000	0.000000
2021-03-19 10:04:00	3.6989894406E+9	1.790628E-10	1.519313E+4	5.001959E+4	2.344381E+4	1.171013E+3	5.370222E+3	0.000000E+0	0.000000E+0	0.000000E+0	1.026306E+2	179.062750E-12	3.610963E+3	1.005885E+3	32.954147E+0	596.296289E+0	169.890328E+0	0.000000E+0	0.000000E+0	0.000000E+0	52.472335E+3	0.000000	0.000000	0.000000	0.000000
2021-03-19 10:04:09	3.6989894497E+9	1.790628E-10	1.519391E+4	5.001959E+4	2.345293E+4	1.171013E+3	5.370222E+3	0.000000E+0	0.000000E+0	0.000000E+0	1.026306E+2	179.062750E-12	3.610437E+3	1.005885E+3	32.935862E+0	596.296289E+0	169.890328E+0	0.000000E+0	0.000000E+0	0.000000E+0	52.472335E+3	0.000000	0.000000	0.000000	0.000000
2021-03-19 10:04:12	3.6989894526E+9	1.790628E-10	1.519391E+4	5.001959E+4	2.344331E+4	1.171013E+3	5.370222E+3	0.000000E+0	0.000000E+0	0.000000E+0	1.026306E+2	179.062750E-12	3.610437E+3	1.005885E+3	32.955152E+0	596.296289E+0	169.890328E+0	0.000000E+0	0.000000E+0	0.000000E+0	52.472335E+3	0.000000	0.000000	0.000000	0.000000
2021-03-19 10:04:15	3.6989894552E+9	1.790628E-10	1.519391E+4	5.001959E+4	2.344763E+4	1.171013E+3	5.370222E+3	0.000000E+0	0.000000E+0	0.000000E+0	1.026306E+2	179.062750E-12	3.610437E+3	1.005885E+3	32.946490E+0	596.296289E+0	169.890328E+0	0.000000E+0	0.000000E+0	0.000000E+0	52.472335E+3	0.000000	0.000000	0.000000	0.000000
2021-03-19 10:04:18	3.6989894585E+9	1.790628E-10	1.519391E+4	5.001959E+4	2.343972E+4	1.171013E+3	5.370222E+3	0.000000E+0	0.000000E+0	0.000000E+0	1.026306E+2	179.062750E-12	3.610437E+3	1.005885E+3	32.962346E+0	596.296289E+0	169.890328E+0	0.000000E+0	0.000000E+0	0.000000E+0	52.472335E+3	0.000000	0.000000	0.000000	0.000000
2021-03-19 10:04:21	3.6989894611E+9	1.790628E-10	1.519391E+4	5.001959E+4	2.343530E+4	1.171013E+3	5.370222E+3	0.000000E+0	0.000000E+0	0.000000E+0	1.026306E+2	179.062750E-12	3.610437E+3	1.005885E+3	32.971216E+0	596.296289E+0	169.890328E+0	0.000000E+0	0.000000E+0	0.000000E+0	52.472335E+3	0.000000	0.000000	0.000000	0.000000
2021-03-19 10:04:23	3.6989894639E+9	1.790628E-10	1.519391E+4	5.001959E+4	2.345330E+4	1.171013E+3	5.370222E+3	0.000000E+0	0.000000E+0	0.000000E+0	1.026306E+2	179.062750E-12	3.610437E+3	1.005885E+3	32.935121E+0	596.296289E+0	169.890328E+0	0.000000E+0	0.000000E+0	0.000000E+0	52.472335E+3	0.000000	0.000000	0.000000	0.000000
2021-03-19 10:04:26	3.6989894665E+9	1.790628E-10	1.519391E+4	5.001959E+4	2.343547E+4	1.171013E+3	5.370222E+3	0.000000E+0	0.000000E+0	0.000000E+0	1.026306E+2	179.062750E-12	3.610437E+3	1.005885E+3	32.970886E+0	596.296289E+0	169.890328E+0	0.000000E+0	0.000000E+0	0.000000E+0	52.472335E+3	0.000000	0.000000	0.000000	0.000000
2021-03-19 10:04:29	3.6989894693E+9	1.790628E-10	1.519391E+4	5.001959E+4	2.343344E+4	1.171013E+3	5.370222E+3	0.000000E+0	0.000000E+0	0.000000E+0	1.026306E+2	179.062750E-12	3.610437E+3	1.005885E+3	32.974952E+0	596.296289E+0	169.890328E+0	0.000000E+0	0.000000E+0	0.000000E+0	52.472335E+3	0.000000	0.000000	0.000000	0.000000
2021-03-19 10:04:32	3.6989894722E+9	1.790628E-10	1.519391E+4	5.001959E+4	2.342945E+4	1.171013E+3	5.370222E+3	0.000000E+0	0.000000E+0	0.000000E+0	1.026306E+2	179.062750E-12	3.610437E+3	1.005885E+3	32.982961E+0	596.296289E+0	169.890328E+0	0.000000E+0	0.000000E+0	0.000000E+0	52.472335E+3	0.000000	0.000000	0.000000	0.000000
2021-03-19 10:04:34	3.6989894750E+9	1.790628E-10	1.519391E+4	5.001959E+4	2.345586E+4	1.171013E+3	5.370222E+3	0.000000E+0	0.000000E+0	0.000000E+0	1.026306E+2	179.062750E-12	3.610437E+3	1.005885E+3	32.929996E+0	596.296289E+0	169.890328E+0	0.000000E+0	0.000000E+0	0.000000E+0	52.472335E+3	0.000000	0.000000	0.000000	0.000000
2021-03-19 10:04:37	3.6989894778E+9	1.790628E-10	1.519391E+4	5.001959E+4	2.343411E+4	1.171013E+3	5.370222E+3	0.000000E+0	0.000000E+0	0.000000E+0	1.026306E+2	179.062750E-12	3.610437E+3	1.005885E+3	32.973603E+0	596.296289E+0	169.890328E+0	0.000000E+0	0.000000E+0	0.000000E+0	52.472335E+3	0.000000	0.000000	0.000000	0.000000
2021-03-19 10:04:40	3.6989894806E+9	1.790628E-10	1.519391E+4	5.001959E+4	2.344477E+4	1.171013E+3	5.370222E+3	0.000000E+0	0.000000E+0	0.000000E+0	1.026306E+2	179.062750E-12	3.610437E+3	1.005885E+3	32.952220E+0	596.296289E+0	169.890328E+0	0.000000E+0	0.000000E+0	0.000000E+0	52.472335E+3	0.000000	0.000000	0.000000	0.000000
2021-03-19 10:04:43	3.6989894831E+9	1.790628E-10	1.519391E+4	5.001959E+4	2.345518E+4	1.171013E+3	5.370222E+3	0.000000E+0	0.000000E+0	0.000000E+0	1.026306E+2	179.062750E-12	3.610437E+3	1.005885E+3	32.931352E+0	596.296289E+0	169.890328E+0	0.000000E+0	0.000000E+0	0.000000E+0	52.472335E+3	0.000000	0.000000	0.000000	0.000000
2021-03-19 10:04:46	3.6989894862E+9	1.790628E-10	1.519391E+4	5.001959E+4	2.345503E+4	1.171013E+3	5.370222E+3	0.000000E+0	0.000000E+0	0.000000E+0	1.026306E+2	179.062750E-12	3.610437E+3	1.005885E+3	32.931650E+0	596.296289E+0	169.890328E+0	0.000000E+0	0.000000E+0	0.000000E+0	52.472335E+3	0.000000	0.000000	0.000000	0.000000
2021-03-19 10:04:48	3.6989894889E+9	1.790628E-10	1.519391E+4	5.001959E+4	2.344678E+4	1.171013E+3	5.370222E+3	0.000000E+0	0.000000E+0	0.000000E+0	1.026306E+2	179.062750E-12	3.610437E+3	1.005885E+3	32.948193E+0	596.296289E+0	169.890328E+0	0.000000E+0	0.000000E+0	0.000000E+0	52.472335E+3	0.000000	0.000000	0.000000	0.000000
2021-03-19 10:04:51	3.6989894917E+9	1.790628E-10	1.519391E+4	5.001959E+4	2.344204E+4	1.171013E+3	5.370222E+3	0.000000E+0	0.000000E+0	0.000000E+0	1.026306E+2	179.062750E-12	3.610437E+3	1.005885E+3	32.957703E+0	596.296289E+0	169.890328E+0	0.000000E+0	0.000000E+0	0.000000E+0	52.472335E+3	0.000000	0.000000	0.000000	0.000000
2021-03-19 10:04:54	3.6989894948E+9	1.790628E-10	1.519391E+4	5.001959E+4	2.344601E+4	1.171013E+3	5.370222E+3	0.000000E+0	0.000000E+0	0.000000E+0	1.026306E+2	179.062750E-12	3.610437E+3	1.005885E+3	32.949742E+0	596.296289E+0	169.890328E+0	0.000000E+0	0.000000E+0	0.000000E+0	52.472335E+3	0.000000	0.000000	0.000000	0.000000
2021-03-19 10:04:57	3.6989894977E+9	1.790628E-10	1.519391E+4	5.001959E+4	2.345633E+4	1.171013E+3	5.370222E+3	0.000000E+0	0.000000E+0	0.000000E+0	1.026306E+2	179.062750E-12	3.610437E+3	1.005885E+3	32.929062E+0	596.296289E+0	169.890328E+0	0.000000E+0	0.000000E+0	0.000000E+0	52.472335E+3	0.000000	0.000000	0.000000	0.000000
2021-03-19 10:05:00	3.6989895005E+9	1.790628E-10	1.519391E+4	5.001959E+4	2.346481E+4	1.171013E+3	5.370222E+3	0.000000E+0	0.000000E+0	0.000000E+0	1.026306E+2	179.062750E-12	3.610437E+3	1.005885E+3	32.912062E+0	596.296289E+0	169.890328E+0	0.000000E+0	0.000000E+0	0.000000E+0	52.472335E+3	0.000000	0.000000	0.000000	0.000000
2021-03-19 10:05:03	3.6989895034E+9	1.790628E-10	1.519391E+4	5.001959E+4	2.344528E+4	1.171013E+3	5.370222E+3	0.000000E+0	0.000000E+0	0.000000E+0	1.026306E+2	179.062750E-12	3.610437E+3	1.005885E+3	32.951190E+0	596.296289E+0	169.890328E+0	0.000000E+0	0.000000E+0	0.000000E+0	52.472335E+3	0.000000	0.000000	0.000000	0.000000
2021-03-19 10:05:06	3.6989895063E+9	1.790628E-10	1.519391E+4	5.001959E+4	2.346283E+4	1.171013E+3	5.370222E+3	0.000000E+0	0.000000E+0	0.000000E+0	1.026306E+2	179.062750E-12	3.610437E+3	1.005885E+3	32.916045E+0	596.296289E+0	169.890328E+0	0.000000E+0	0.000000E+0	0.000000E+0	52.472335E+3	0.000000	0.000000	0.000000	0.000000
2021-03-19 10:05:08	3.6989895089E+9	1.790628E-10	1.519391E+4	5.001959E+4	2.346477E+4	1.171013E+3	5.370222E+3	0.000000E+0	0.000000E+0	0.000000E+0	1.026306E+2	179.062750E-12	3.610437E+3	1.005885E+3	32.912142E+0	596.296289E+0	169.890328E+0	0.000000E+0	0.000000E+0	0.000000E+0	52.472335E+3	0.000000	0.000000	0.000000	0.000000
2021-03-19 10:05:11	3.6989895119E+9	1.790628E-10	1.519391E+4	5.001959E+4	2.345808E+4	1.171013E+3	5.370222E+3	0.000000E+0	0.000000E+0	0.000000E+0	1.026306E+2	179.062750E-12	3.610437E+3	1.005885E+3	32.925542E+0	596.296289E+0	169.890328E+0	0.000000E+0	0.000000E+0	0.000000E+0	52.472335E+3	0.000000	0.000000	0.000000	0.000000
2021-03-19 10:05:14	3.6989895147E+9	1.790628E-10	1.519391E+4	5.001959E+4	2.345405E+4	1.171013E+3	5.370222E+3	0.000000E+0	0.000000E+0	0.000000E+0	1.026306E+2	179.062750E-12	3.610437E+3	1.005885E+3	32.933616E+0	596.296289E+0	169.890328E+0	0.000000E+0	0.000000E+0	0.000000E+0	52.472335E+3	0.000000	0.000000	0.000000	0.000000
2021-03-19 10:05:17	3.6989895175E+9	1.790628E-10	1.519391E+4	5.001959E+4	2.346264E+4	1.171013E+3	5.370222E+3	0.000000E+0	0.000000E+0	0.000000E+0	1.026306E+2	179.062750E-12	3.610437E+3	1.005885E+3	32.916423E+0	596.296289E+0	169.890328E+0	0.000000E+0	0.000000E+0	0.000000E+0	52.472335E+3	0.000000	0.000000	0.000000	0.000000
2021-03-19 10:05:20	3.6989895202E+9	1.790628E-10	1.519391E+4	5.001959E+4	2.345378E+4	1.171013E+3	5.370222E+3	0.000000E+0	0.000000E+0	0.000000E+0	1.026306E+2	179.062750E-12	3.610437E+3	1.005885E+3	32.934162E+0	596.296289E+0	169.890328E+0	0.000000E+0	0.000000E+0	0.000000E+0	52.472335E+3	0.000000	0.000000	0.000000	0.000000
2021-03-19 10:05:22	3.6989895229E+9	1.790628E-10	1.519391E+4	5.001959E+4	2.346820E+4	1.171013E+3	5.370222E+3	0.000000E+0	0.000000E+0	0.000000E+0	1.026306E+2	179.062750E-12	3.610437E+3	1.005885E+3	32.905292E+0	596.296289E+0	169.890328E+0	0.000000E+0	0.000000E+0	0.000000E+0	52.472335E+3	0.000000	0.000000	0.000000	0.000000
2021-03-19 10:05:25	3.6989895258E+9	1.790628E-10	1.519391E+4	5.001959E+4	2.346256E+4	1.171013E+3	5.370222E+3	0.000000E+0	0.000000E+0	0.000000E+0	1.026306E+2	179.062750E-12	3.610437E+3	1.005885E+3	32.916568E+0	596.296289E+0	169.890328E+0	0.000000E+0	0.000000E+0	0.000000E+0	52.472335E+3	0.000000	0.000000	0.000000	0.000000
2021-03-19 10:05:28	3.6989895286E+9	1.790628E-10	1.519391E+4	5.001959E+4	2.345019E+4	1.171013E+3	5.370222E+3	0.000000E+0	0.000000E+0	0.000000E+0	1.026306E+2	179.062750E-12	3.610437E+3	1.005885E+3	32.941347E+0	596.296289E+0	169.890328E+0	0.000000E+0	0.000000E+0	0.000000E+0	52.472335E+3	0.000000	0.000000	0.000000	0.000000
2021-03-19 10:05:37	3.6989895375E+9	1.790628E-10	1.519391E+4	4.989636E+4	2.344846E+4	1.171013E+3	5.370222E+3	0.000000E+0	0.000000E+0	0.000000E+0	1.026306E+2	179.062750E-12	3.610437E+3	1.008185E+3	32.944816E+0	596.296289E+0	169.890328E+0	0.000000E+0	0.000000E+0	0.000000E+0	52.472335E+3	0.000000	0.000000	0.000000	0.000000
2021-03-19 10:05:40	3.6989895405E+9	1.790628E-10	1.519391E+4	4.989636E+4	2.345971E+4	1.171013E+3	5.370222E+3	0.000000E+0	0.000000E+0	0.000000E+0	1.026306E+2	179.062750E-12	3.610437E+3	1.008185E+3	32.922280E+0	596.296289E+0	169.890328E+0	0.000000E+0	0.000000E+0	0.000000E+0	52.472335E+3	0.000000	0.000000	0.000000	0.000000
2021-03-19 10:05:43	3.6989895432E+9	1.790628E-10	1.519391E+4	4.989636E+4	2.345385E+4	1.171013E+3	5.370222E+3	0.000000E+0	0.000000E+0	0.000000E+0	1.026306E+2	179.062750E-12	3.610437E+3	1.008185E+3	32.934024E+0	596.296289E+0	169.890328E+0	0.000000E+0	0.000000E+0	0.000000E+0	52.472335E+3	0.000000	0.000000	0.000000	0.000000
2021-03-19 10:05:49	3.6989895499E+9	1.790628E-10	1.519391E+4	4.989636E+4	2.333591E+4	1.171013E+3	5.369340E+3	0.000000E+0	0.000000E+0	0.000000E+0	1.026306E+2	179.062750E-12	3.610437E+3	1.008185E+3	33.171640E+0	596.296289E+0	169.964328E+0	0.000000E+0	0.000000E+0	0.000000E+0	52.472335E+3	0.000000	0.000000	0.000000	0.000000
2021-03-19 10:05:52	3.6989895525E+9	1.790628E-10	1.519391E+4	4.989636E+4	2.343025E+4	1.171013E+3	5.369340E+3	0.000000E+0	0.000000E+0	0.000000E+0	1.026306E+2	179.062750E-12	3.610437E+3	1.008185E+3	32.981358E+0	596.296289E+0	169.964328E+0	0.000000E+0	0.000000E+0	0.000000E+0	52.472335E+3	0.000000	0.000000	0.000000	0.000000
2021-03-19 10:05:55	3.6989895554E+9	1.790628E-10	1.519391E+4	4.989636E+4	2.344619E+4	1.171013E+3	5.369340E+3	0.000000E+0	0.000000E+0	0.000000E+0	1.026306E+2	179.062750E-12	3.610437E+3	1.008185E+3	32.949369E+0	596.296289E+0	169.964328E+0	0.000000E+0	0.000000E+0	0.000000E+0	52.472335E+3	0.000000	0.000000	0.000000	0.000000
2021-03-19 10:05:58	3.6989895583E+9	1.790628E-10	1.519391E+4	4.989636E+4	2.344778E+4	1.171013E+3	5.369340E+3	0.000000E+0	0.000000E+0	0.000000E+0	1.026306E+2	179.062750E-12	3.610437E+3	1.008185E+3	32.946178E+0	596.296289E+0	169.964328E+0	0.000000E+0	0.000000E+0	0.000000E+0	52.472335E+3	0.000000	0.000000	0.000000	0.000000
2021-03-19 10:06:01	3.6989895611E+9	1.790628E-10	1.519391E+4	4.989636E+4	2.345302E+4	1.171013E+3	5.369340E+3	0.000000E+0	0.000000E+0	0.000000E+0	1.026306E+2	179.062750E-12	3.610437E+3	1.008185E+3	32.935679E+0	596.296289E+0	169.964328E+0	0.000000E+0	0.000000E+0	0.000000E+0	52.472335E+3	0.000000	0.000000	0.000000	0.000000
2021-03-19 10:06:03	3.6989895639E+9	1.790628E-10	1.519391E+4	4.989636E+4	2.345418E+4	1.171013E+3	5.369340E+3	0.000000E+0	0.000000E+0	0.000000E+0	1.026306E+2	179.062750E-12	3.610437E+3	1.008185E+3	32.933361E+0	596.296289E+0	169.964328E+0	0.000000E+0	0.000000E+0	0.000000E+0	52.472335E+3	0.000000	0.000000	0.000000	0.000000
2021-03-19 10:06:06	3.6989895668E+9	1.790628E-10	1.519391E+4	4.989636E+4	2.345643E+4	1.171013E+3	5.369340E+3	0.000000E+0	0.000000E+0	0.000000E+0	1.026306E+2	179.062750E-12	3.610437E+3	1.008185E+3	32.928854E+0	596.296289E+0	169.964328E+0	0.000000E+0	0.000000E+0	0.000000E+0	52.472335E+3	0.000000	0.000000	0.000000	0.000000
2021-03-19 10:06:09	3.6989895695E+9	1.790628E-10	1.519391E+4	4.989636E+4	2.346006E+4	1.171013E+3	5.369340E+3	0.000000E+0	0.000000E+0	0.000000E+0	1.026306E+2	179.062750E-12	3.610437E+3	1.008185E+3	32.921573E+0	596.296289E+0	169.964328E+0	0.000000E+0	0.000000E+0	0.000000E+0	52.472335E+3	0.000000	0.000000	0.000000	0.000000
2021-03-19 10:06:12	3.6989895723E+9	1.790628E-10	1.519391E+4	4.989636E+4	2.346611E+4	1.171013E+3	5.369340E+3	0.000000E+0	0.000000E+0	0.000000E+0	1.026306E+2	179.062750E-12	3.610437E+3	1.008185E+3	32.909463E+0	596.296289E+0	169.964328E+0	0.000000E+0	0.000000E+0	0.000000E+0	52.472335E+3	0.000000	0.000000	0.000000	0.000000
2021-03-19 10:06:14	3.6989895750E+9	1.790628E-10	1.519391E+4	4.989636E+4	2.346684E+4	1.171013E+3	5.369340E+3	0.000000E+0	0.000000E+0	0.000000E+0	1.026306E+2	179.062750E-12	3.610437E+3	1.008185E+3	32.908004E+0	596.296289E+0	169.964328E+0	0.000000E+0	0.000000E+0	0.000000E+0	52.472335E+3	0.000000	0.000000	0.000000	0.000000
2021-03-19 10:06:18	3.6989895780E+9	1.790628E-10	1.519391E+4	4.989636E+4	2.346479E+4	1.171013E+3	5.369340E+3	0.000000E+0	0.000000E+0	0.000000E+0	1.026306E+2	179.062750E-12	3.610437E+3	1.008185E+3	32.912108E+0	596.296289E+0	169.964328E+0	0.000000E+0	0.000000E+0	0.000000E+0	52.472335E+3	0.000000	0.000000	0.000000	0.000000
2021-03-19 10:06:20	3.6989895808E+9	1.790628E-10	1.519391E+4	4.989636E+4	2.345677E+4	1.171013E+3	5.369340E+3	0.000000E+0	0.000000E+0	0.000000E+0	1.026306E+2	179.062750E-12	3.610437E+3	1.008185E+3	32.928166E+0	596.296289E+0	169.964328E+0	0.000000E+0	0.000000E+0	0.000000E+0	52.472335E+3	0.000000	0.000000	0.000000	0.000000
2021-03-19 10:06:37	3.6989895974E+9	1.790372E-10	1.519391E+4	4.989636E+4	2.345519E+4	1.171013E+3	5.369340E+3	0.000000E+0	0.000000E+0	0.000000E+0	1.026306E+2	179.037162E-12	3.610437E+3	1.008185E+3	32.931339E+0	596.296289E+0	169.964328E+0	0.000000E+0	0.000000E+0	0.000000E+0	52.472335E+3	0.000000	0.000000	0.000000	0.000000
2021-03-19 10:06:40	3.6989896003E+9	1.790372E-10	1.519391E+4	4.989636E+4	2.346535E+4	1.171013E+3	5.369340E+3	0.000000E+0	0.000000E+0	0.000000E+0	1.026306E+2	179.037162E-12	3.610437E+3	1.008185E+3	32.910983E+0	596.296289E+0	169.964328E+0	0.000000E+0	0.000000E+0	0.000000E+0	52.472335E+3	0.000000	0.000000	0.000000	0.000000
2021-03-19 10:06:43	3.6989896031E+9	1.790372E-10	1.519391E+4	4.989636E+4	2.344802E+4	1.171013E+3	5.369340E+3	0.000000E+0	0.000000E+0	0.000000E+0	1.026306E+2	179.037162E-12	3.610437E+3	1.008185E+3	32.945704E+0	596.296289E+0	169.964328E+0	0.000000E+0	0.000000E+0	0.000000E+0	52.472335E+3	0.000000	0.000000	0.000000	0.000000
2021-03-19 10:06:45	3.6989896059E+9	1.790372E-10	1.519391E+4	4.989636E+4	2.345384E+4	1.171013E+3	5.369340E+3	0.000000E+0	0.000000E+0	0.000000E+0	1.026306E+2	179.037162E-12	3.610437E+3	1.008185E+3	32.934043E+0	596.296289E+0	169.964328E+0	0.000000E+0	0.000000E+0	0.000000E+0	52.472335E+3	0.000000	0.000000	0.000000	0.000000
2021-03-19 10:06:48	3.6989896087E+9	1.790372E-10	1.519391E+4	4.989636E+4	2.345037E+4	1.171013E+3	5.369340E+3	0.000000E+0	0.000000E+0	0.000000E+0	1.026306E+2	179.037162E-12	3.610437E+3	1.008185E+3	32.940989E+0	596.296289E+0	169.964328E+0	0.000000E+0	0.000000E+0	0.000000E+0	52.472335E+3	0.000000	0.000000	0.000000	0.000000
2021-03-19 10:06:57	3.6989896174E+9	1.790372E-10	1.518756E+4	4.989636E+4	2.347282E+4	1.171013E+3	5.369340E+3	0.000000E+0	0.000000E+0	0.000000E+0	1.026306E+2	179.037162E-12	3.614743E+3	1.008185E+3	32.896042E+0	596.296289E+0	169.964328E+0	0.000000E+0	0.000000E+0	0.000000E+0	52.472335E+3	0.000000	0.000000	0.000000	0.000000
2021-03-19 10:07:00	3.6989896202E+9	1.790372E-10	1.518756E+4	4.989636E+4	2.345988E+4	1.171013E+3	5.369340E+3	0.000000E+0	0.000000E+0	0.000000E+0	1.026306E+2	179.037162E-12	3.614743E+3	1.008185E+3	32.921945E+0	596.296289E+0	169.964328E+0	0.000000E+0	0.000000E+0	0.000000E+0	52.472335E+3	0.000000	0.000000	0.000000	0.000000
2021-03-19 10:07:02	3.6989896229E+9	1.790372E-10	1.518756E+4	4.989636E+4	2.348010E+4	1.171013E+3	5.369340E+3	0.000000E+0	0.000000E+0	0.000000E+0	1.026306E+2	179.037162E-12	3.614743E+3	1.008185E+3	32.881478E+0	596.296289E+0	169.964328E+0	0.000000E+0	0.000000E+0	0.000000E+0	52.472335E+3	0.000000	0.000000	0.000000	0.000000
2021-03-19 10:07:06	3.6989896260E+9	1.790372E-10	1.518756E+4	4.989636E+4	2.345342E+4	1.171013E+3	5.369340E+3	0.000000E+0	0.000000E+0	0.000000E+0	1.026306E+2	179.037162E-12	3.614743E+3	1.008185E+3	32.934877E+0	596.296289E+0	169.964328E+0	0.000000E+0	0.000000E+0	0.000000E+0	52.472335E+3	0.000000	0.000000	0.000000	0.000000
2021-03-19 10:07:08	3.6989896288E+9	1.790372E-10	1.518756E+4	4.989636E+4	2.345663E+4	1.171013E+3	5.369340E+3	0.000000E+0	0.000000E+0	0.000000E+0	1.026306E+2	179.037162E-12	3.614743E+3	1.008185E+3	32.928442E+0	596.296289E+0	169.964328E+0	0.000000E+0	0.000000E+0	0.000000E+0	52.472335E+3	0.000000	0.000000	0.000000	0.000000
2021-03-19 10:07:11	3.6989896316E+9	1.790372E-10	1.518756E+4	4.989636E+4	2.346405E+4	1.171013E+3	5.369340E+3	0.000000E+0	0.000000E+0	0.000000E+0	1.026306E+2	179.037162E-12	3.614743E+3	1.008185E+3	32.913590E+0	596.296289E+0	169.964328E+0	0.000000E+0	0.000000E+0	0.000000E+0	52.472335E+3	0.000000	0.000000	0.000000	0.000000
2021-03-19 10:07:14	3.6989896344E+9	1.790372E-10	1.518756E+4	4.989636E+4	2.346313E+4	1.171013E+3	5.369340E+3	0.000000E+0	0.000000E+0	0.000000E+0	1.026306E+2	179.037162E-12	3.614743E+3	1.008185E+3	32.915436E+0	596.296289E+0	169.964328E+0	0.000000E+0	0.000000E+0	0.000000E+0	52.472335E+3	0.000000	0.000000	0.000000	0.000000
2021-03-19 10:07:17	3.6989896372E+9	1.790372E-10	1.518756E+4	4.989636E+4	2.346427E+4	1.171013E+3	5.369340E+3	0.000000E+0	0.000000E+0	0.000000E+0	1.026306E+2	179.037162E-12	3.614743E+3	1.008185E+3	32.913152E+0	596.296289E+0	169.964328E+0	0.000000E+0	0.000000E+0	0.000000E+0	52.472335E+3	0.000000	0.000000	0.000000	0.000000
2021-03-19 10:07:19	3.6989896398E+9	1.790372E-10	1.518756E+4	4.989636E+4	2.345071E+4	1.171013E+3	5.369340E+3	0.000000E+0	0.000000E+0	0.000000E+0	1.026306E+2	179.037162E-12	3.614743E+3	1.008185E+3	32.940310E+0	596.296289E+0	169.964328E+0	0.000000E+0	0.000000E+0	0.000000E+0	52.472335E+3	0.000000	0.000000	0.000000	0.000000
2021-03-19 10:07:22	3.6989896427E+9	1.790372E-10	1.518756E+4	4.989636E+4	2.347004E+4	1.171013E+3	5.369340E+3	0.000000E+0	0.000000E+0	0.000000E+0	1.026306E+2	179.037162E-12	3.614743E+3	1.008185E+3	32.901598E+0	596.296289E+0	169.964328E+0	0.000000E+0	0.000000E+0	0.000000E+0	52.472335E+3	0.000000	0.000000	0.000000	0.000000
2021-03-19 10:07:25	3.6989896457E+9	1.790372E-10	1.518756E+4	4.989636E+4	2.347075E+4	1.171013E+3	5.369340E+3	0.000000E+0	0.000000E+0	0.000000E+0	1.026306E+2	179.037162E-12	3.614743E+3	1.008185E+3	32.900190E+0	596.296289E+0	169.964328E+0	0.000000E+0	0.000000E+0	0.000000E+0	52.472335E+3	0.000000	0.000000	0.000000	0.000000
2021-03-19 10:07:28	3.6989896484E+9	1.790372E-10	1.518756E+4	4.989636E+4	2.346846E+4	1.171013E+3	5.369340E+3	0.000000E+0	0.000000E+0	0.000000E+0	1.026306E+2	179.037162E-12	3.614743E+3	1.008185E+3	32.904759E+0	596.296289E+0	169.964328E+0	0.000000E+0	0.000000E+0	0.000000E+0	52.472335E+3	0.000000	0.000000	0.000000	0.000000
2021-03-19 10:07:31	3.6989896511E+9	1.790372E-10	1.518756E+4	4.989636E+4	2.347794E+4	1.171013E+3	5.369340E+3	0.000000E+0	0.000000E+0	0.000000E+0	1.026306E+2	179.037162E-12	3.614743E+3	1.008185E+3	32.885801E+0	596.296289E+0	169.964328E+0	0.000000E+0	0.000000E+0	0.000000E+0	52.472335E+3	0.000000	0.000000	0.000000	0.000000
2021-03-19 10:07:33	3.6989896537E+9	1.790372E-10	1.518756E+4	4.989636E+4	2.346640E+4	1.171013E+3	5.369340E+3	0.000000E+0	0.000000E+0	0.000000E+0	1.026306E+2	179.037162E-12	3.614743E+3	1.008185E+3	32.908898E+0	596.296289E+0	169.964328E+0	0.000000E+0	0.000000E+0	0.000000E+0	52.472335E+3	0.000000	0.000000	0.000000	0.000000
2021-03-19 10:07:36	3.6989896566E+9	1.790372E-10	1.518756E+4	4.989636E+4	2.345850E+4	1.171013E+3	5.369340E+3	0.000000E+0	0.000000E+0	0.000000E+0	1.026306E+2	179.037162E-12	3.614743E+3	1.008185E+3	32.924708E+0	596.296289E+0	169.964328E+0	0.000000E+0	0.000000E+0	0.000000E+0	52.472335E+3	0.000000	0.000000	0.000000	0.000000
2021-03-19 10:07:39	3.6989896594E+9	1.790372E-10	1.518756E+4	4.989636E+4	2.346450E+4	1.171013E+3	5.369340E+3	0.000000E+0	0.000000E+0	0.000000E+0	1.026306E+2	179.037162E-12	3.614743E+3	1.008185E+3	32.912694E+0	596.296289E+0	169.964328E+0	0.000000E+0	0.000000E+0	0.000000E+0	52.472335E+3	0.000000	0.000000	0.000000	0.000000
2021-03-19 10:07:42	3.6989896623E+9	1.790372E-10	1.518756E+4	4.989636E+4	2.347115E+4	1.171013E+3	5.369340E+3	0.000000E+0	0.000000E+0	0.000000E+0	1.026306E+2	179.037162E-12	3.614743E+3	1.008185E+3	32.899375E+0	596.296289E+0	169.964328E+0	0.000000E+0	0.000000E+0	0.000000E+0	52.472335E+3	0.000000	0.000000	0.000000	0.000000
2021-03-19 10:07:45	3.6989896651E+9	1.790372E-10	1.518756E+4	4.989636E+4	2.348344E+4	1.171013E+3	5.369340E+3	0.000000E+0	0.000000E+0	0.000000E+0	1.026306E+2	179.037162E-12	3.614743E+3	1.008185E+3	32.874806E+0	596.296289E+0	169.964328E+0	0.000000E+0	0.000000E+0	0.000000E+0	52.472335E+3	0.000000	0.000000	0.000000	0.000000
2021-03-19 10:07:47	3.6989896679E+9	1.790372E-10	1.518756E+4	4.989636E+4	2.346329E+4	1.171013E+3	5.369340E+3	0.000000E+0	0.000000E+0	0.000000E+0	1.026306E+2	179.037162E-12	3.614743E+3	1.008185E+3	32.915111E+0	596.296289E+0	169.964328E+0	0.000000E+0	0.000000E+0	0.000000E+0	52.472335E+3	0.000000	0.000000	0.000000	0.000000
2021-03-19 10:07:50	3.6989896707E+9	1.790372E-10	1.518756E+4	4.989636E+4	2.346718E+4	1.171013E+3	5.369340E+3	0.000000E+0	0.000000E+0	0.000000E+0	1.026306E+2	179.037162E-12	3.614743E+3	1.008185E+3	32.907320E+0	596.296289E+0	169.964328E+0	0.000000E+0	0.000000E+0	0.000000E+0	52.472335E+3	0.000000	0.000000	0.000000	0.000000
2021-03-19 10:07:53	3.6989896736E+9	1.790372E-10	1.518756E+4	4.989636E+4	2.347220E+4	1.171013E+3	5.369340E+3	0.000000E+0	0.000000E+0	0.000000E+0	1.026306E+2	179.037162E-12	3.614743E+3	1.008185E+3	32.897275E+0	596.296289E+0	169.964328E+0	0.000000E+0	0.000000E+0	0.000000E+0	52.472335E+3	0.000000	0.000000	0.000000	0.000000
2021-03-19 10:07:56	3.6989896764E+9	1.790372E-10	1.518756E+4	4.989636E+4	2.346944E+4	1.171013E+3	5.369340E+3	0.000000E+0	0.000000E+0	0.000000E+0	1.026306E+2	179.037162E-12	3.614743E+3	1.008185E+3	32.902802E+0	596.296289E+0	169.964328E+0	0.000000E+0	0.000000E+0	0.000000E+0	52.472335E+3	0.000000	0.000000	0.000000	0.000000
2021-03-19 10:07:59	3.6989896791E+9	1.790372E-10	1.518756E+4	4.989636E+4	2.347713E+4	1.171013E+3	5.369340E+3	0.000000E+0	0.000000E+0	0.000000E+0	1.026306E+2	179.037162E-12	3.614743E+3	1.008185E+3	32.887421E+0	596.296289E+0	169.964328E+0	0.000000E+0	0.000000E+0	0.000000E+0	52.472335E+3	0.000000	0.000000	0.000000	0.000000
2021-03-19 10:08:02	3.6989896821E+9	1.790372E-10	1.518756E+4	4.989636E+4	2.345963E+4	1.171013E+3	5.369340E+3	0.000000E+0	0.000000E+0	0.000000E+0	1.026306E+2	179.037162E-12	3.614743E+3	1.008185E+3	32.922438E+0	596.296289E+0	169.964328E+0	0.000000E+0	0.000000E+0	0.000000E+0	52.472335E+3	0.000000	0.000000	0.000000	0.000000
2021-03-19 10:08:04	3.6989896849E+9	1.790372E-10	1.518756E+4	4.989636E+4	2.346464E+4	1.171013E+3	5.369340E+3	0.000000E+0	0.000000E+0	0.000000E+0	1.026306E+2	179.037162E-12	3.614743E+3	1.008185E+3	32.912417E+0	596.296289E+0	169.964328E+0	0.000000E+0	0.000000E+0	0.000000E+0	52.472335E+3	0.000000	0.000000	0.000000	0.000000
2021-03-19 10:08:07	3.6989896879E+9	1.790372E-10	1.518756E+4	4.989636E+4	2.346520E+4	1.171013E+3	5.369340E+3	0.000000E+0	0.000000E+0	0.000000E+0	1.026306E+2	179.037162E-12	3.614743E+3	1.008185E+3	32.911286E+0	596.296289E+0	169.964328E+0	0.000000E+0	0.000000E+0	0.000000E+0	52.472335E+3	0.000000	0.000000	0.000000	0.000000
2021-03-19 10:08:10	3.6989896907E+9	1.790372E-10	1.518756E+4	4.989636E+4	2.347711E+4	1.171013E+3	5.369340E+3	0.000000E+0	0.000000E+0	0.000000E+0	1.026306E+2	179.037162E-12	3.614743E+3	1.008185E+3	32.887456E+0	596.296289E+0	169.964328E+0	0.000000E+0	0.000000E+0	0.000000E+0	52.472335E+3	0.000000	0.000000	0.000000	0.000000
2021-03-19 10:08:13	3.6989896932E+9	1.790372E-10	1.518756E+4	4.989636E+4	2.347041E+4	1.171013E+3	5.369340E+3	0.000000E+0	0.000000E+0	0.000000E+0	1.026306E+2	179.037162E-12	3.614743E+3	1.008185E+3	32.900872E+0	596.296289E+0	169.964328E+0	0.000000E+0	0.000000E+0	0.000000E+0	52.472335E+3	0.000000	0.000000	0.000000	0.000000
2021-03-19 10:08:16	3.6989896962E+9	1.790372E-10	1.518756E+4	4.989636E+4	2.346492E+4	1.171013E+3	5.369340E+3	0.000000E+0	0.000000E+0	0.000000E+0	1.026306E+2	179.037162E-12	3.614743E+3	1.008185E+3	32.911843E+0	596.296289E+0	169.964328E+0	0.000000E+0	0.000000E+0	0.000000E+0	52.472335E+3	0.000000	0.000000	0.000000	0.000000
2021-03-19 10:08:24	3.6989897049E+9	1.790372E-10	1.518756E+4	4.987779E+4	2.347980E+4	1.171013E+3	5.369340E+3	0.000000E+0	0.000000E+0	0.000000E+0	1.026306E+2	179.037162E-12	3.614743E+3	1.008533E+3	32.882090E+0	596.296289E+0	169.964328E+0	0.000000E+0	0.000000E+0	0.000000E+0	52.472335E+3	0.000000	0.000000	0.000000	0.000000
2021-03-19 10:08:27	3.6989897075E+9	1.790372E-10	1.518756E+4	4.987779E+4	2.347716E+4	1.171013E+3	5.369340E+3	0.000000E+0	0.000000E+0	0.000000E+0	1.026306E+2	179.037162E-12	3.614743E+3	1.008533E+3	32.887372E+0	596.296289E+0	169.964328E+0	0.000000E+0	0.000000E+0	0.000000E+0	52.472335E+3	0.000000	0.000000	0.000000	0.000000
2021-03-19 10:08:30	3.6989897105E+9	1.790372E-10	1.518756E+4	4.987779E+4	2.347210E+4	1.171013E+3	5.369340E+3	0.000000E+0	0.000000E+0	0.000000E+0	1.026306E+2	179.037162E-12	3.614743E+3	1.008533E+3	32.897492E+0	596.296289E+0	169.964328E+0	0.000000E+0	0.000000E+0	0.000000E+0	52.472335E+3	0.000000	0.000000	0.000000	0.000000
2021-03-19 10:08:33	3.6989897133E+9	1.790372E-10	1.518756E+4	4.987779E+4	2.346858E+4	1.171013E+3	5.369340E+3	0.000000E+0	0.000000E+0	0.000000E+0	1.026306E+2	179.037162E-12	3.614743E+3	1.008533E+3	32.904529E+0	596.296289E+0	169.964328E+0	0.000000E+0	0.000000E+0	0.000000E+0	52.472335E+3	0.000000	0.000000	0.000000	0.000000
2021-03-19 10:08:36	3.6989897162E+9	1.790372E-10	1.518756E+4	4.987779E+4	2.346663E+4	1.171013E+3	5.369340E+3	0.000000E+0	0.000000E+0	0.000000E+0	1.026306E+2	179.037162E-12	3.614743E+3	1.008533E+3	32.908437E+0	596.296289E+0	169.964328E+0	0.000000E+0	0.000000E+0	0.000000E+0	52.472335E+3	0.000000	0.000000	0.000000	0.000000
2021-03-19 10:08:39	3.6989897194E+9	1.790372E-10	1.518756E+4	4.987779E+4	2.346985E+4	1.171013E+3	5.369340E+3	0.000000E+0	0.000000E+0	0.000000E+0	1.026306E+2	179.037162E-12	3.614743E+3	1.008533E+3	32.901991E+0	596.296289E+0	169.964328E+0	0.000000E+0	0.000000E+0	0.000000E+0	52.472335E+3	0.000000	0.000000	0.000000	0.000000
2021-03-19 10:08:46	3.6989897261E+9	1.790372E-10	1.518756E+4	4.987779E+4	2.335169E+4	1.171013E+3	5.367798E+3	0.000000E+0	0.000000E+0	0.000000E+0	1.026306E+2	179.037162E-12	3.614743E+3	1.008533E+3	33.139681E+0	596.296289E+0	170.092662E+0	0.000000E+0	0.000000E+0	0.000000E+0	52.472335E+3	0.000000	0.000000	0.000000	0.000000
2021-03-19 10:08:48	3.6989897286E+9	1.790372E-10	1.518756E+4	4.987779E+4	2.343731E+4	1.171013E+3	5.367798E+3	0.000000E+0	0.000000E+0	0.000000E+0	1.026306E+2	179.037162E-12	3.614743E+3	1.008533E+3	32.967179E+0	596.296289E+0	170.092662E+0	0.000000E+0	0.000000E+0	0.000000E+0	52.472335E+3	0.000000	0.000000	0.000000	0.000000
2021-03-19 10:08:51	3.6989897314E+9	1.790372E-10	1.518756E+4	4.987779E+4	2.346070E+4	1.171013E+3	5.367798E+3	0.000000E+0	0.000000E+0	0.000000E+0	1.026306E+2	179.037162E-12	3.614743E+3	1.008533E+3	32.920301E+0	596.296289E+0	170.092662E+0	0.000000E+0	0.000000E+0	0.000000E+0	52.472335E+3	0.000000	0.000000	0.000000	0.000000
2021-03-19 10:08:54	3.6989897342E+9	1.790372E-10	1.518756E+4	4.987779E+4	2.345752E+4	1.171013E+3	5.367798E+3	0.000000E+0	0.000000E+0	0.000000E+0	1.026306E+2	179.037162E-12	3.614743E+3	1.008533E+3	32.926676E+0	596.296289E+0	170.092662E+0	0.000000E+0	0.000000E+0	0.000000E+0	52.472335E+3	0.000000	0.000000	0.000000	0.000000
2021-03-19 10:08:56	3.6989897369E+9	1.790372E-10	1.518756E+4	4.987779E+4	2.345860E+4	1.171013E+3	5.367798E+3	0.000000E+0	0.000000E+0	0.000000E+0	1.026306E+2	179.037162E-12	3.614743E+3	1.008533E+3	32.924504E+0	596.296289E+0	170.092662E+0	0.000000E+0	0.000000E+0	0.000000E+0	52.472335E+3	0.000000	0.000000	0.000000	0.000000
2021-03-19 10:08:59	3.6989897398E+9	1.790372E-10	1.518756E+4	4.987779E+4	2.347092E+4	1.171013E+3	5.367798E+3	0.000000E+0	0.000000E+0	0.000000E+0	1.026306E+2	179.037162E-12	3.614743E+3	1.008533E+3	32.899846E+0	596.296289E+0	170.092662E+0	0.000000E+0	0.000000E+0	0.000000E+0	52.472335E+3	0.000000	0.000000	0.000000	0.000000
2021-03-19 10:09:02	3.6989897429E+9	1.790372E-10	1.518756E+4	4.987779E+4	2.347471E+4	1.171013E+3	5.367798E+3	0.000000E+0	0.000000E+0	0.000000E+0	1.026306E+2	179.037162E-12	3.614743E+3	1.008533E+3	32.892256E+0	596.296289E+0	170.092662E+0	0.000000E+0	0.000000E+0	0.000000E+0	52.472335E+3	0.000000	0.000000	0.000000	0.000000
2021-03-19 10:09:06	3.6989897461E+9	1.790372E-10	1.518756E+4	4.987779E+4	2.348435E+4	1.171013E+3	5.367798E+3	0.000000E+0	0.000000E+0	0.000000E+0	1.026306E+2	179.037162E-12	3.614743E+3	1.008533E+3	32.872991E+0	596.296289E+0	170.092662E+0	0.000000E+0	0.000000E+0	0.000000E+0	52.472335E+3	0.000000	0.000000	0.000000	0.000000
2021-03-19 10:09:09	3.6989897492E+9	1.790372E-10	1.518756E+4	4.987779E+4	2.347730E+4	1.171013E+3	5.367798E+3	0.000000E+0	0.000000E+0	0.000000E+0	1.026306E+2	179.037162E-12	3.614743E+3	1.008533E+3	32.887092E+0	596.296289E+0	170.092662E+0	0.000000E+0	0.000000E+0	0.000000E+0	52.472335E+3	0.000000	0.000000	0.000000	0.000000
2021-03-19 10:09:12	3.6989897521E+9	1.790372E-10	1.518756E+4	4.987779E+4	2.347590E+4	1.171013E+3	5.367798E+3	0.000000E+0	0.000000E+0	0.000000E+0	1.026306E+2	179.037162E-12	3.614743E+3	1.008533E+3	32.889892E+0	596.296289E+0	170.092662E+0	0.000000E+0	0.000000E+0	0.000000E+0	52.472335E+3	0.000000	0.000000	0.000000	0.000000
2021-03-19 10:09:15	3.6989897552E+9	1.790372E-10	1.518756E+4	4.987779E+4	2.348021E+4	1.171013E+3	5.367798E+3	0.000000E+0	0.000000E+0	0.000000E+0	1.026306E+2	179.037162E-12	3.614743E+3	1.008533E+3	32.881267E+0	596.296289E+0	170.092662E+0	0.000000E+0	0.000000E+0	0.000000E+0	52.472335E+3	0.000000	0.000000	0.000000	0.000000
2021-03-19 10:09:17	3.6989897579E+9	1.790372E-10	1.518756E+4	4.987779E+4	2.347686E+4	1.171013E+3	5.367798E+3	0.000000E+0	0.000000E+0	0.000000E+0	1.026306E+2	179.037162E-12	3.614743E+3	1.008533E+3	32.887973E+0	596.296289E+0	170.092662E+0	0.000000E+0	0.000000E+0	0.000000E+0	52.472335E+3	0.000000	0.000000	0.000000	0.000000
2021-03-19 10:09:34	3.6989897747E+9	1.790622E-10	1.518756E+4	4.987779E+4	2.347209E+4	1.171013E+3	5.367798E+3	0.000000E+0	0.000000E+0	0.000000E+0	1.026306E+2	179.062199E-12	3.614743E+3	1.008533E+3	32.897504E+0	596.296289E+0	170.092662E+0	0.000000E+0	0.000000E+0	0.000000E+0	52.472335E+3	0.000000	0.000000	0.000000	0.000000
2021-03-19 10:09:38	3.6989897780E+9	1.790622E-10	1.518756E+4	4.987779E+4	2.346506E+4	1.171013E+3	5.367798E+3	0.000000E+0	0.000000E+0	0.000000E+0	1.026306E+2	179.062199E-12	3.614743E+3	1.008533E+3	32.911574E+0	596.296289E+0	170.092662E+0	0.000000E+0	0.000000E+0	0.000000E+0	52.472335E+3	0.000000	0.000000	0.000000	0.000000
2021-03-19 10:09:41	3.6989897818E+9	1.790622E-10	1.518756E+4	4.987779E+4	2.347767E+4	1.171013E+3	5.367798E+3	0.000000E+0	0.000000E+0	0.000000E+0	1.026306E+2	179.062199E-12	3.614743E+3	1.008533E+3	32.886346E+0	596.296289E+0	170.092662E+0	0.000000E+0	0.000000E+0	0.000000E+0	52.472335E+3	0.000000	0.000000	0.000000	0.000000
2021-03-19 10:09:44	3.6989897848E+9	1.790622E-10	1.518756E+4	4.987779E+4	2.347504E+4	1.171013E+3	5.367798E+3	0.000000E+0	0.000000E+0	0.000000E+0	1.026306E+2	179.062199E-12	3.614743E+3	1.008533E+3	32.891609E+0	596.296289E+0	170.092662E+0	0.000000E+0	0.000000E+0	0.000000E+0	52.472335E+3	0.000000	0.000000	0.000000	0.000000
2021-03-19 10:09:53	3.6989897939E+9	1.790622E-10	1.519304E+4	4.987779E+4	2.347499E+4	1.171013E+3	5.367798E+3	0.000000E+0	0.000000E+0	0.000000E+0	1.026306E+2	179.062199E-12	3.611029E+3	1.008533E+3	32.891700E+0	596.296289E+0	170.092662E+0	0.000000E+0	0.000000E+0	0.000000E+0	52.472335E+3	0.000000	0.000000	0.000000	0.000000
2021-03-19 10:09:56	3.6989897969E+9	1.790622E-10	1.519304E+4	4.987779E+4	2.346663E+4	1.171013E+3	5.367798E+3	0.000000E+0	0.000000E+0	0.000000E+0	1.026306E+2	179.062199E-12	3.611029E+3	1.008533E+3	32.908419E+0	596.296289E+0	170.092662E+0	0.000000E+0	0.000000E+0	0.000000E+0	52.472335E+3	0.000000	0.000000	0.000000	0.000000
2021-03-19 10:09:59	3.6989897998E+9	1.790622E-10	1.519304E+4	4.987779E+4	2.346654E+4	1.171013E+3	5.367798E+3	0.000000E+0	0.000000E+0	0.000000E+0	1.026306E+2	179.062199E-12	3.611029E+3	1.008533E+3	32.908617E+0	596.296289E+0	170.092662E+0	0.000000E+0	0.000000E+0	0.000000E+0	52.472335E+3	0.000000	0.000000	0.000000	0.000000
2021-03-19 10:10:02	3.6989898026E+9	1.790622E-10	1.519304E+4	4.987779E+4	2.347582E+4	1.171013E+3	5.367798E+3	0.000000E+0	0.000000E+0	0.000000E+0	1.026306E+2	179.062199E-12	3.611029E+3	1.008533E+3	32.890049E+0	596.296289E+0	170.092662E+0	0.000000E+0	0.000000E+0	0.000000E+0	52.472335E+3	0.000000	0.000000	0.000000	0.000000
2021-03-19 10:10:05	3.6989898056E+9	1.790622E-10	1.519304E+4	4.987779E+4	2.348550E+4	1.171013E+3	5.367798E+3	0.000000E+0	0.000000E+0	0.000000E+0	1.026306E+2	179.062199E-12	3.611029E+3	1.008533E+3	32.870690E+0	596.296289E+0	170.092662E+0	0.000000E+0	0.000000E+0	0.000000E+0	52.472335E+3	0.000000	0.000000	0.000000	0.000000
2021-03-19 10:10:08	3.6989898087E+9	1.790622E-10	1.519304E+4	4.987779E+4	2.347969E+4	1.171013E+3	5.367798E+3	0.000000E+0	0.000000E+0	0.000000E+0	1.026306E+2	179.062199E-12	3.611029E+3	1.008533E+3	32.882298E+0	596.296289E+0	170.092662E+0	0.000000E+0	0.000000E+0	0.000000E+0	52.472335E+3	0.000000	0.000000	0.000000	0.000000
2021-03-19 10:10:11	3.6989898116E+9	1.790622E-10	1.519304E+4	4.987779E+4	2.346361E+4	1.171013E+3	5.367798E+3	0.000000E+0	0.000000E+0	0.000000E+0	1.026306E+2	179.062199E-12	3.611029E+3	1.008533E+3	32.914470E+0	596.296289E+0	170.092662E+0	0.000000E+0	0.000000E+0	0.000000E+0	52.472335E+3	0.000000	0.000000	0.000000	0.000000
2021-03-19 10:10:14	3.6989898143E+9	1.790622E-10	1.519304E+4	4.987779E+4	2.347407E+4	1.171013E+3	5.367798E+3	0.000000E+0	0.000000E+0	0.000000E+0	1.026306E+2	179.062199E-12	3.611029E+3	1.008533E+3	32.893541E+0	596.296289E+0	170.092662E+0	0.000000E+0	0.000000E+0	0.000000E+0	52.472335E+3	0.000000	0.000000	0.000000	0.000000
2021-03-19 10:10:17	3.6989898172E+9	1.790622E-10	1.519304E+4	4.987779E+4	2.346351E+4	1.171013E+3	5.367798E+3	0.000000E+0	0.000000E+0	0.000000E+0	1.026306E+2	179.062199E-12	3.611029E+3	1.008533E+3	32.914677E+0	596.296289E+0	170.092662E+0	0.000000E+0	0.000000E+0	0.000000E+0	52.472335E+3	0.000000	0.000000	0.000000	0.000000
2021-03-19 10:10:20	3.6989898202E+9	1.790622E-10	1.519304E+4	4.987779E+4	2.347592E+4	1.171013E+3	5.367798E+3	0.000000E+0	0.000000E+0	0.000000E+0	1.026306E+2	179.062199E-12	3.611029E+3	1.008533E+3	32.889848E+0	596.296289E+0	170.092662E+0	0.000000E+0	0.000000E+0	0.000000E+0	52.472335E+3	0.000000	0.000000	0.000000	0.000000
2021-03-19 10:10:23	3.6989898231E+9	1.790622E-10	1.519304E+4	4.987779E+4	2.346432E+4	1.171013E+3	5.367798E+3	0.000000E+0	0.000000E+0	0.000000E+0	1.026306E+2	179.062199E-12	3.611029E+3	1.008533E+3	32.913047E+0	596.296289E+0	170.092662E+0	0.000000E+0	0.000000E+0	0.000000E+0	52.472335E+3	0.000000	0.000000	0.000000	0.000000
2021-03-19 10:10:26	3.6989898262E+9	1.790622E-10	1.519304E+4	4.987779E+4	2.347520E+4	1.171013E+3	5.367798E+3	0.000000E+0	0.000000E+0	0.000000E+0	1.026306E+2	179.062199E-12	3.611029E+3	1.008533E+3	32.891276E+0	596.296289E+0	170.092662E+0	0.000000E+0	0.000000E+0	0.000000E+0	52.472335E+3	0.000000	0.000000	0.000000	0.000000
2021-03-19 10:10:28	3.6989898290E+9	1.790622E-10	1.519304E+4	4.987779E+4	2.347203E+4	1.171013E+3	5.367798E+3	0.000000E+0	0.000000E+0	0.000000E+0	1.026306E+2	179.062199E-12	3.611029E+3	1.008533E+3	32.897617E+0	596.296289E+0	170.092662E+0	0.000000E+0	0.000000E+0	0.000000E+0	52.472335E+3	0.000000	0.000000	0.000000	0.000000
2021-03-19 10:10:32	3.6989898321E+9	1.790622E-10	1.519304E+4	4.987779E+4	2.347559E+4	1.171013E+3	5.367798E+3	0.000000E+0	0.000000E+0	0.000000E+0	1.026306E+2	179.062199E-12	3.611029E+3	1.008533E+3	32.890496E+0	596.296289E+0	170.092662E+0	0.000000E+0	0.000000E+0	0.000000E+0	52.472335E+3	0.000000	0.000000	0.000000	0.000000
2021-03-19 10:10:35	3.6989898354E+9	1.790622E-10	1.519304E+4	4.987779E+4	2.349551E+4	1.171013E+3	5.367798E+3	0.000000E+0	0.000000E+0	0.000000E+0	1.026306E+2	179.062199E-12	3.611029E+3	1.008533E+3	32.850696E+0	596.296289E+0	170.092662E+0	0.000000E+0	0.000000E+0	0.000000E+0	52.472335E+3	0.000000	0.000000	0.000000	0.000000
2021-03-19 10:10:38	3.6989898382E+9	1.790622E-10	1.519304E+4	4.987779E+4	2.347462E+4	1.171013E+3	5.367798E+3	0.000000E+0	0.000000E+0	0.000000E+0	1.026306E+2	179.062199E-12	3.611029E+3	1.008533E+3	32.892445E+0	596.296289E+0	170.092662E+0	0.000000E+0	0.000000E+0	0.000000E+0	52.472335E+3	0.000000	0.000000	0.000000	0.000000
2021-03-19 10:10:41	3.6989898410E+9	1.790622E-10	1.519304E+4	4.987779E+4	2.348294E+4	1.171013E+3	5.367798E+3	0.000000E+0	0.000000E+0	0.000000E+0	1.026306E+2	179.062199E-12	3.611029E+3	1.008533E+3	32.875817E+0	596.296289E+0	170.092662E+0	0.000000E+0	0.000000E+0	0.000000E+0	52.472335E+3	0.000000	0.000000	0.000000	0.000000
2021-03-19 10:10:44	3.6989898446E+9	1.790622E-10	1.519304E+4	4.987779E+4	2.347096E+4	1.171013E+3	5.367798E+3	0.000000E+0	0.000000E+0	0.000000E+0	1.026306E+2	179.062199E-12	3.611029E+3	1.008533E+3	32.899768E+0	596.296289E+0	170.092662E+0	0.000000E+0	0.000000E+0	0.000000E+0	52.472335E+3	0.000000	0.000000	0.000000	0.000000
2021-03-19 10:10:47	3.6989898474E+9	1.790622E-10	1.519304E+4	4.987779E+4	2.348270E+4	1.171013E+3	5.367798E+3	0.000000E+0	0.000000E+0	0.000000E+0	1.026306E+2	179.062199E-12	3.611029E+3	1.008533E+3	32.876281E+0	596.296289E+0	170.092662E+0	0.000000E+0	0.000000E+0	0.000000E+0	52.472335E+3	0.000000	0.000000	0.000000	0.000000
2021-03-19 10:10:50	3.6989898501E+9	1.790622E-10	1.519304E+4	4.987779E+4	2.348437E+4	1.171013E+3	5.367798E+3	0.000000E+0	0.000000E+0	0.000000E+0	1.026306E+2	179.062199E-12	3.611029E+3	1.008533E+3	32.872955E+0	596.296289E+0	170.092662E+0	0.000000E+0	0.000000E+0	0.000000E+0	52.472335E+3	0.000000	0.000000	0.000000	0.000000
2021-03-19 10:10:53	3.6989898532E+9	1.790622E-10	1.519304E+4	4.987779E+4	2.347629E+4	1.171013E+3	5.367798E+3	0.000000E+0	0.000000E+0	0.000000E+0	1.026306E+2	179.062199E-12	3.611029E+3	1.008533E+3	32.889097E+0	596.296289E+0	170.092662E+0	0.000000E+0	0.000000E+0	0.000000E+0	52.472335E+3	0.000000	0.000000	0.000000	0.000000
2021-03-19 10:10:56	3.6989898562E+9	1.790622E-10	1.519304E+4	4.987779E+4	2.346858E+4	1.171013E+3	5.367798E+3	0.000000E+0	0.000000E+0	0.000000E+0	1.026306E+2	179.062199E-12	3.611029E+3	1.008533E+3	32.904534E+0	596.296289E+0	170.092662E+0	0.000000E+0	0.000000E+0	0.000000E+0	52.472335E+3	0.000000	0.000000	0.000000	0.000000
2021-03-19 10:10:59	3.6989898593E+9	1.790622E-10	1.519304E+4	4.987779E+4	2.348860E+4	1.171013E+3	5.367798E+3	0.000000E+0	0.000000E+0	0.000000E+0	1.026306E+2	179.062199E-12	3.611029E+3	1.008533E+3	32.864497E+0	596.296289E+0	170.092662E+0	0.000000E+0	0.000000E+0	0.000000E+0	52.472335E+3	0.000000	0.000000	0.000000	0.000000
2021-03-19 10:11:02	3.6989898623E+9	1.790622E-10	1.519304E+4	4.987779E+4	2.348757E+4	1.171013E+3	5.367798E+3	0.000000E+0	0.000000E+0	0.000000E+0	1.026306E+2	179.062199E-12	3.611029E+3	1.008533E+3	32.866569E+0	596.296289E+0	170.092662E+0	0.000000E+0	0.000000E+0	0.000000E+0	52.472335E+3	0.000000	0.000000	0.000000	0.000000
2021-03-19 10:11:05	3.6989898650E+9	1.790622E-10	1.519304E+4	4.987779E+4	2.347761E+4	1.171013E+3	5.367798E+3	0.000000E+0	0.000000E+0	0.000000E+0	1.026306E+2	179.062199E-12	3.611029E+3	1.008533E+3	32.886458E+0	596.296289E+0	170.092662E+0	0.000000E+0	0.000000E+0	0.000000E+0	52.472335E+3	0.000000	0.000000	0.000000	0.000000
2021-03-19 10:11:08	3.6989898682E+9	1.790622E-10	1.519304E+4	4.987779E+4	2.346804E+4	1.171013E+3	5.367798E+3	0.000000E+0	0.000000E+0	0.000000E+0	1.026306E+2	179.062199E-12	3.611029E+3	1.008533E+3	32.905603E+0	596.296289E+0	170.092662E+0	0.000000E+0	0.000000E+0	0.000000E+0	52.472335E+3	0.000000	0.000000	0.000000	0.000000
2021-03-19 10:11:16	3.6989898767E+9	1.790622E-10	1.519304E+4	4.985339E+4	2.348041E+4	1.171013E+3	5.367798E+3	0.000000E+0	0.000000E+0	0.000000E+0	1.026306E+2	179.062199E-12	3.611029E+3	1.008990E+3	32.880872E+0	596.296289E+0	170.092662E+0	0.000000E+0	0.000000E+0	0.000000E+0	52.472335E+3	0.000000	0.000000	0.000000	0.000000
2021-03-19 10:11:19	3.6989898795E+9	1.790622E-10	1.519304E+4	4.985339E+4	2.346571E+4	1.171013E+3	5.367798E+3	0.000000E+0	0.000000E+0	0.000000E+0	1.026306E+2	179.062199E-12	3.611029E+3	1.008990E+3	32.910273E+0	596.296289E+0	170.092662E+0	0.000000E+0	0.000000E+0	0.000000E+0	52.472335E+3	0.000000	0.000000	0.000000	0.000000
2021-03-19 10:11:22	3.6989898824E+9	1.790622E-10	1.519304E+4	4.985339E+4	2.346942E+4	1.171013E+3	5.367798E+3	0.000000E+0	0.000000E+0	0.000000E+0	1.026306E+2	179.062199E-12	3.611029E+3	1.008990E+3	32.902837E+0	596.296289E+0	170.092662E+0	0.000000E+0	0.000000E+0	0.000000E+0	52.472335E+3	0.000000	0.000000	0.000000	0.000000
2021-03-19 10:11:25	3.6989898856E+9	1.790622E-10	1.519304E+4	4.985339E+4	2.348634E+4	1.171013E+3	5.367798E+3	0.000000E+0	0.000000E+0	0.000000E+0	1.026306E+2	179.062199E-12	3.611029E+3	1.008990E+3	32.869012E+0	596.296289E+0	170.092662E+0	0.000000E+0	0.000000E+0	0.000000E+0	52.472335E+3	0.000000	0.000000	0.000000	0.000000
2021-03-19 10:11:28	3.6989898884E+9	1.790622E-10	1.519304E+4	4.985339E+4	2.348297E+4	1.171013E+3	5.367798E+3	0.000000E+0	0.000000E+0	0.000000E+0	1.026306E+2	179.062199E-12	3.611029E+3	1.008990E+3	32.875749E+0	596.296289E+0	170.092662E+0	0.000000E+0	0.000000E+0	0.000000E+0	52.472335E+3	0.000000	0.000000	0.000000	0.000000
2021-03-19 10:11:31	3.6989898914E+9	1.790622E-10	1.519304E+4	4.985339E+4	2.348028E+4	1.171013E+3	5.367798E+3	0.000000E+0	0.000000E+0	0.000000E+0	1.026306E+2	179.062199E-12	3.611029E+3	1.008990E+3	32.881118E+0	596.296289E+0	170.092662E+0	0.000000E+0	0.000000E+0	0.000000E+0	52.472335E+3	0.000000	0.000000	0.000000	0.000000
2021-03-19 10:11:34	3.6989898943E+9	1.790622E-10	1.519304E+4	4.985339E+4	2.347193E+4	1.171013E+3	5.367798E+3	0.000000E+0	0.000000E+0	0.000000E+0	1.026306E+2	179.062199E-12	3.611029E+3	1.008990E+3	32.897820E+0	596.296289E+0	170.092662E+0	0.000000E+0	0.000000E+0	0.000000E+0	52.472335E+3	0.000000	0.000000	0.000000	0.000000
2021-03-19 10:11:37	3.6989898972E+9	1.790622E-10	1.519304E+4	4.985339E+4	2.348553E+4	1.171013E+3	5.367798E+3	0.000000E+0	0.000000E+0	0.000000E+0	1.026306E+2	179.062199E-12	3.611029E+3	1.008990E+3	32.870639E+0	596.296289E+0	170.092662E+0	0.000000E+0	0.000000E+0	0.000000E+0	52.472335E+3	0.000000	0.000000	0.000000	0.000000
2021-03-19 10:11:45	3.6989899052E+9	1.790622E-10	1.519304E+4	4.985339E+4	2.335546E+4	1.171013E+3	5.371984E+3	0.000000E+0	0.000000E+0	0.000000E+0	1.026306E+2	179.062199E-12	3.611029E+3	1.008990E+3	33.132065E+0	596.296289E+0	169.744062E+0	0.000000E+0	0.000000E+0	0.000000E+0	52.472335E+3	0.000000	0.000000	0.000000	0.000000
2021-03-19 10:11:48	3.6989899081E+9	1.790622E-10	1.519304E+4	4.985339E+4	2.345604E+4	1.171013E+3	5.371984E+3	0.000000E+0	0.000000E+0	0.000000E+0	1.026306E+2	179.062199E-12	3.611029E+3	1.008990E+3	32.929636E+0	596.296289E+0	169.744062E+0	0.000000E+0	0.000000E+0	0.000000E+0	52.472335E+3	0.000000	0.000000	0.000000	0.000000
2021-03-19 10:11:51	3.6989899111E+9	1.790622E-10	1.519304E+4	4.985339E+4	2.346232E+4	1.171013E+3	5.371984E+3	0.000000E+0	0.000000E+0	0.000000E+0	1.026306E+2	179.062199E-12	3.611029E+3	1.008990E+3	32.917050E+0	596.296289E+0	169.744062E+0	0.000000E+0	0.000000E+0	0.000000E+0	52.472335E+3	0.000000	0.000000	0.000000	0.000000
2021-03-19 10:11:53	3.6989899139E+9	1.790622E-10	1.519304E+4	4.985339E+4	2.346040E+4	1.171013E+3	5.371984E+3	0.000000E+0	0.000000E+0	0.000000E+0	1.026306E+2	179.062199E-12	3.611029E+3	1.008990E+3	32.920898E+0	596.296289E+0	169.744062E+0	0.000000E+0	0.000000E+0	0.000000E+0	52.472335E+3	0.000000	0.000000	0.000000	0.000000
2021-03-19 10:11:57	3.6989899175E+9	1.790622E-10	1.519304E+4	4.985339E+4	2.348189E+4	1.171013E+3	5.371984E+3	0.000000E+0	0.000000E+0	0.000000E+0	1.026306E+2	179.062199E-12	3.611029E+3	1.008990E+3	32.877911E+0	596.296289E+0	169.744062E+0	0.000000E+0	0.000000E+0	0.000000E+0	52.472335E+3	0.000000	0.000000	0.000000	0.000000
2021-03-19 10:12:00	3.6989899202E+9	1.790622E-10	1.519304E+4	4.985339E+4	2.347196E+4	1.171013E+3	5.371984E+3	0.000000E+0	0.000000E+0	0.000000E+0	1.026306E+2	179.062199E-12	3.611029E+3	1.008990E+3	32.897757E+0	596.296289E+0	169.744062E+0	0.000000E+0	0.000000E+0	0.000000E+0	52.472335E+3	0.000000	0.000000	0.000000	0.000000
2021-03-19 10:12:03	3.6989899236E+9	1.790622E-10	1.519304E+4	4.985339E+4	2.349015E+4	1.171013E+3	5.371984E+3	0.000000E+0	0.000000E+0	0.000000E+0	1.026306E+2	179.062199E-12	3.611029E+3	1.008990E+3	32.861406E+0	596.296289E+0	169.744062E+0	0.000000E+0	0.000000E+0	0.000000E+0	52.472335E+3	0.000000	0.000000	0.000000	0.000000
2021-03-19 10:12:06	3.6989899265E+9	1.790622E-10	1.519304E+4	4.985339E+4	2.350176E+4	1.171013E+3	5.371984E+3	0.000000E+0	0.000000E+0	0.000000E+0	1.026306E+2	179.062199E-12	3.611029E+3	1.008990E+3	32.838241E+0	596.296289E+0	169.744062E+0	0.000000E+0	0.000000E+0	0.000000E+0	52.472335E+3	0.000000	0.000000	0.000000	0.000000
2021-03-19 10:12:09	3.6989899293E+9	1.790622E-10	1.519304E+4	4.985339E+4	2.348354E+4	1.171013E+3	5.371984E+3	0.000000E+0	0.000000E+0	0.000000E+0	1.026306E+2	179.062199E-12	3.611029E+3	1.008990E+3	32.874608E+0	596.296289E+0	169.744062E+0	0.000000E+0	0.000000E+0	0.000000E+0	52.472335E+3	0.000000	0.000000	0.000000	0.000000
2021-03-19 10:12:12	3.6989899322E+9	1.790622E-10	1.519304E+4	4.985339E+4	2.348320E+4	1.171013E+3	5.371984E+3	0.000000E+0	0.000000E+0	0.000000E+0	1.026306E+2	179.062199E-12	3.611029E+3	1.008990E+3	32.875294E+0	596.296289E+0	169.744062E+0	0.000000E+0	0.000000E+0	0.000000E+0	52.472335E+3	0.000000	0.000000	0.000000	0.000000
2021-03-19 10:12:29	3.6989899492E+9	1.790578E-10	1.519304E+4	4.985339E+4	2.348040E+4	1.171013E+3	5.371984E+3	0.000000E+0	0.000000E+0	0.000000E+0	1.026306E+2	179.057776E-12	3.611029E+3	1.008990E+3	32.880897E+0	596.296289E+0	169.744062E+0	0.000000E+0	0.000000E+0	0.000000E+0	52.472335E+3	0.000000	0.000000	0.000000	0.000000
2021-03-19 10:12:31	3.6989899519E+9	1.790578E-10	1.519304E+4	4.985339E+4	2.348637E+4	1.171013E+3	5.371984E+3	0.000000E+0	0.000000E+0	0.000000E+0	1.026306E+2	179.057776E-12	3.611029E+3	1.008990E+3	32.868949E+0	596.296289E+0	169.744062E+0	0.000000E+0	0.000000E+0	0.000000E+0	52.472335E+3	0.000000	0.000000	0.000000	0.000000
2021-03-19 10:12:35	3.6989899551E+9	1.790578E-10	1.519304E+4	4.985339E+4	2.348346E+4	1.171013E+3	5.371984E+3	0.000000E+0	0.000000E+0	0.000000E+0	1.026306E+2	179.057776E-12	3.611029E+3	1.008990E+3	32.874773E+0	596.296289E+0	169.744062E+0	0.000000E+0	0.000000E+0	0.000000E+0	52.472335E+3	0.000000	0.000000	0.000000	0.000000
2021-03-19 10:12:37	3.6989899578E+9	1.790578E-10	1.519304E+4	4.985339E+4	2.347466E+4	1.171013E+3	5.371984E+3	0.000000E+0	0.000000E+0	0.000000E+0	1.026306E+2	179.057776E-12	3.611029E+3	1.008990E+3	32.892372E+0	596.296289E+0	169.744062E+0	0.000000E+0	0.000000E+0	0.000000E+0	52.472335E+3	0.000000	0.000000	0.000000	0.000000
2021-03-19 10:12:46	3.6989899666E+9	1.790578E-10	1.518656E+4	4.985339E+4	2.348987E+4	1.171013E+3	5.371984E+3	0.000000E+0	0.000000E+0	0.000000E+0	1.026306E+2	179.057776E-12	3.615425E+3	1.008990E+3	32.861962E+0	596.296289E+0	169.744062E+0	0.000000E+0	0.000000E+0	0.000000E+0	52.472335E+3	0.000000	0.000000	0.000000	0.000000
2021-03-19 10:12:49	3.6989899699E+9	1.790578E-10	1.518656E+4	4.985339E+4	2.349637E+4	1.171013E+3	5.371984E+3	0.000000E+0	0.000000E+0	0.000000E+0	1.026306E+2	179.057776E-12	3.615425E+3	1.008990E+3	32.848984E+0	596.296289E+0	169.744062E+0	0.000000E+0	0.000000E+0	0.000000E+0	52.472335E+3	0.000000	0.000000	0.000000	0.000000
2021-03-19 10:12:52	3.6989899728E+9	1.790578E-10	1.518656E+4	4.985339E+4	2.349268E+4	1.171013E+3	5.371984E+3	0.000000E+0	0.000000E+0	0.000000E+0	1.026306E+2	179.057776E-12	3.615425E+3	1.008990E+3	32.856347E+0	596.296289E+0	169.744062E+0	0.000000E+0	0.000000E+0	0.000000E+0	52.472335E+3	0.000000	0.000000	0.000000	0.000000
2021-03-19 10:12:55	3.6989899757E+9	1.790578E-10	1.518656E+4	4.985339E+4	2.348117E+4	1.171013E+3	5.371984E+3	0.000000E+0	0.000000E+0	0.000000E+0	1.026306E+2	179.057776E-12	3.615425E+3	1.008990E+3	32.879344E+0	596.296289E+0	169.744062E+0	0.000000E+0	0.000000E+0	0.000000E+0	52.472335E+3	0.000000	0.000000	0.000000	0.000000
2021-03-19 10:12:58	3.6989899787E+9	1.790578E-10	1.518656E+4	4.985339E+4	2.349046E+4	1.171013E+3	5.371984E+3	0.000000E+0	0.000000E+0	0.000000E+0	1.026306E+2	179.057776E-12	3.615425E+3	1.008990E+3	32.860789E+0	596.296289E+0	169.744062E+0	0.000000E+0	0.000000E+0	0.000000E+0	52.472335E+3	0.000000	0.000000	0.000000	0.000000
2021-03-19 10:13:01	3.6989899816E+9	1.790578E-10	1.518656E+4	4.985339E+4	2.348795E+4	1.171013E+3	5.371984E+3	0.000000E+0	0.000000E+0	0.000000E+0	1.026306E+2	179.057776E-12	3.615425E+3	1.008990E+3	32.865808E+0	596.296289E+0	169.744062E+0	0.000000E+0	0.000000E+0	0.000000E+0	52.472335E+3	0.000000	0.000000	0.000000	0.000000
2021-03-19 10:13:04	3.6989899846E+9	1.790578E-10	1.518656E+4	4.985339E+4	2.345795E+4	1.171013E+3	5.371984E+3	0.000000E+0	0.000000E+0	0.000000E+0	1.026306E+2	179.057776E-12	3.615425E+3	1.008990E+3	32.925803E+0	596.296289E+0	169.744062E+0	0.000000E+0	0.000000E+0	0.000000E+0	52.472335E+3	0.000000	0.000000	0.000000	0.000000
2021-03-19 10:13:08	3.6989899882E+9	1.790578E-10	1.518656E+4	4.985339E+4	2.347504E+4	1.171013E+3	5.371984E+3	0.000000E+0	0.000000E+0	0.000000E+0	1.026306E+2	179.057776E-12	3.615425E+3	1.008990E+3	32.891597E+0	596.296289E+0	169.744062E+0	0.000000E+0	0.000000E+0	0.000000E+0	52.472335E+3	0.000000	0.000000	0.000000	0.000000
2021-03-19 10:13:11	3.6989899912E+9	1.790578E-10	1.518656E+4	4.985339E+4	1.694153E+4	1.171013E+3	5.371984E+3	0.000000E+0	0.000000E+0	0.000000E+0	1.026306E+2	179.057776E-12	3.615425E+3	1.008990E+3	52.433482E+0	596.296289E+0	169.744062E+0	0.000000E+0	0.000000E+0	0.000000E+0	52.472335E+3	0.000000	0.000000	0.000000	0.000000
2021-03-19 10:13:16	3.6989899963E+9	1.790578E-10	1.518656E+4	4.985339E+4	2.114505E+4	1.171013E+3	5.371984E+3	0.000000E+0	0.000000E+0	0.000000E+0	1.026306E+2	179.057776E-12	3.615425E+3	1.008990E+3	38.141861E+0	596.296289E+0	169.744062E+0	0.000000E+0	0.000000E+0	0.000000E+0	52.472335E+3	0.000000	0.000000	0.000000	0.000000
2021-03-19 10:13:22	3.6989900025E+9	1.790578E-10	1.518656E+4	4.985339E+4	2.225528E+4	1.171013E+3	5.371984E+3	0.000000E+0	0.000000E+0	0.000000E+0	1.026306E+2	179.057776E-12	3.615425E+3	1.008990E+3	35.479964E+0	596.296289E+0	169.744062E+0	0.000000E+0	0.000000E+0	0.000000E+0	52.472335E+3	0.000000	0.000000	0.000000	0.000000
2021-03-19 10:13:25	3.6989900055E+9	1.790578E-10	1.518656E+4	4.985339E+4	2.246523E+4	1.171013E+3	5.371984E+3	0.000000E+0	0.000000E+0	0.000000E+0	1.026306E+2	179.057776E-12	3.615425E+3	1.008990E+3	35.011636E+0	596.296289E+0	169.744062E+0	0.000000E+0	0.000000E+0	0.000000E+0	52.472335E+3	0.000000	0.000000	0.000000	0.000000
2021-03-19 10:13:28	3.6989900083E+9	1.790578E-10	1.518656E+4	4.985339E+4	2.260887E+4	1.171013E+3	5.371984E+3	0.000000E+0	0.000000E+0	0.000000E+0	1.026306E+2	179.057776E-12	3.615425E+3	1.008990E+3	34.697015E+0	596.296289E+0	169.744062E+0	0.000000E+0	0.000000E+0	0.000000E+0	52.472335E+3	0.000000	0.000000	0.000000	0.000000
2021-03-19 10:13:31	3.6989900115E+9	1.790578E-10	1.518656E+4	4.985339E+4	2.271061E+4	1.171013E+3	5.371984E+3	0.000000E+0	0.000000E+0	0.000000E+0	1.026306E+2	179.057776E-12	3.615425E+3	1.008990E+3	34.476943E+0	596.296289E+0	169.744062E+0	0.000000E+0	0.000000E+0	0.000000E+0	52.472335E+3	0.000000	0.000000	0.000000	0.000000
2021-03-19 10:13:34	3.6989900145E+9	1.790578E-10	1.518656E+4	4.985339E+4	2.279271E+4	1.171013E+3	5.371984E+3	0.000000E+0	0.000000E+0	0.000000E+0	1.026306E+2	179.057776E-12	3.615425E+3	1.008990E+3	34.300982E+0	596.296289E+0	169.744062E+0	0.000000E+0	0.000000E+0	0.000000E+0	52.472335E+3	0.000000	0.000000	0.000000	0.000000
2021-03-19 10:13:37	3.6989900173E+9	1.790578E-10	1.518656E+4	4.985339E+4	2.283755E+4	1.171013E+3	5.371984E+3	0.000000E+0	0.000000E+0	0.000000E+0	1.026306E+2	179.057776E-12	3.615425E+3	1.008990E+3	34.205481E+0	596.296289E+0	169.744062E+0	0.000000E+0	0.000000E+0	0.000000E+0	52.472335E+3	0.000000	0.000000	0.000000	0.000000
2021-03-19 10:13:40	3.6989900202E+9	1.790578E-10	1.518656E+4	4.985339E+4	2.288231E+4	1.171013E+3	5.371984E+3	0.000000E+0	0.000000E+0	0.000000E+0	1.026306E+2	179.057776E-12	3.615425E+3	1.008990E+3	34.110581E+0	596.296289E+0	169.744062E+0	0.000000E+0	0.000000E+0	0.000000E+0	52.472335E+3	0.000000	0.000000	0.000000	0.000000
2021-03-19 10:13:43	3.6989900231E+9	1.790578E-10	1.518656E+4	4.985339E+4	2.292964E+4	1.171013E+3	5.371984E+3	0.000000E+0	0.000000E+0	0.000000E+0	1.026306E+2	179.057776E-12	3.615425E+3	1.008990E+3	34.010676E+0	596.296289E+0	169.744062E+0	0.000000E+0	0.000000E+0	0.000000E+0	52.472335E+3	0.000000	0.000000	0.000000	0.000000
2021-03-19 10:13:46	3.6989900261E+9	1.790578E-10	1.518656E+4	4.985339E+4	2.293615E+4	1.171013E+3	5.371984E+3	0.000000E+0	0.000000E+0	0.000000E+0	1.026306E+2	179.057776E-12	3.615425E+3	1.008990E+3	33.996962E+0	596.296289E+0	169.744062E+0	0.000000E+0	0.000000E+0	0.000000E+0	52.472335E+3	0.000000	0.000000	0.000000	0.000000
2021-03-19 10:13:48	3.6989900290E+9	1.790578E-10	1.518656E+4	4.985339E+4	2.299463E+4	1.171013E+3	5.371984E+3	0.000000E+0	0.000000E+0	0.000000E+0	1.026306E+2	179.057776E-12	3.615425E+3	1.008990E+3	33.874236E+0	596.296289E+0	169.744062E+0	0.000000E+0	0.000000E+0	0.000000E+0	52.472335E+3	0.000000	0.000000	0.000000	0.000000
2021-03-19 10:13:51	3.6989900319E+9	1.790578E-10	1.518656E+4	4.985339E+4	2.299689E+4	1.171013E+3	5.371984E+3	0.000000E+0	0.000000E+0	0.000000E+0	1.026306E+2	179.057776E-12	3.615425E+3	1.008990E+3	33.869505E+0	596.296289E+0	169.744062E+0	0.000000E+0	0.000000E+0	0.000000E+0	52.472335E+3	0.000000	0.000000	0.000000	0.000000
2021-03-19 10:13:55	3.6989900351E+9	1.790578E-10	1.518656E+4	4.985339E+4	2.302267E+4	1.171013E+3	5.371984E+3	0.000000E+0	0.000000E+0	0.000000E+0	1.026306E+2	179.057776E-12	3.615425E+3	1.008990E+3	33.815637E+0	596.296289E+0	169.744062E+0	0.000000E+0	0.000000E+0	0.000000E+0	52.472335E+3	0.000000	0.000000	0.000000	0.000000
2021-03-19 10:13:57	3.6989900378E+9	1.790578E-10	1.518656E+4	4.985339E+4	2.302652E+4	1.171013E+3	5.371984E+3	0.000000E+0	0.000000E+0	0.000000E+0	1.026306E+2	179.057776E-12	3.615425E+3	1.008990E+3	33.807604E+0	596.296289E+0	169.744062E+0	0.000000E+0	0.000000E+0	0.000000E+0	52.472335E+3	0.000000	0.000000	0.000000	0.000000
2021-03-19 10:14:00	3.6989900406E+9	1.790578E-10	1.518656E+4	4.985339E+4	2.304017E+4	1.171013E+3	5.371984E+3	0.000000E+0	0.000000E+0	0.000000E+0	1.026306E+2	179.057776E-12	3.615425E+3	1.008990E+3	33.779161E+0	596.296289E+0	169.744062E+0	0.000000E+0	0.000000E+0	0.000000E+0	52.472335E+3	0.000000	0.000000	0.000000	0.000000
2021-03-19 10:14:09	3.6989900491E+9	1.790578E-10	1.518656E+4	4.996256E+4	2.307578E+4	1.171013E+3	5.371984E+3	0.000000E+0	0.000000E+0	0.000000E+0	1.026306E+2	179.057776E-12	3.615425E+3	1.006948E+3	33.705096E+0	596.296289E+0	169.744062E+0	0.000000E+0	0.000000E+0	0.000000E+0	52.472335E+3	0.000000	0.000000	0.000000	0.000000
2021-03-19 10:14:11	3.6989900520E+9	1.790578E-10	1.518656E+4	4.996256E+4	2.308808E+4	1.171013E+3	5.371984E+3	0.000000E+0	0.000000E+0	0.000000E+0	1.026306E+2	179.057776E-12	3.615425E+3	1.006948E+3	33.679558E+0	596.296289E+0	169.744062E+0	0.000000E+0	0.000000E+0	0.000000E+0	52.472335E+3	0.000000	0.000000	0.000000	0.000000
2021-03-19 10:14:14	3.6989900546E+9	1.790578E-10	1.518656E+4	4.996256E+4	2.308748E+4	1.171013E+3	5.371984E+3	0.000000E+0	0.000000E+0	0.000000E+0	1.026306E+2	179.057776E-12	3.615425E+3	1.006948E+3	33.680816E+0	596.296289E+0	169.744062E+0	0.000000E+0	0.000000E+0	0.000000E+0	52.472335E+3	0.000000	0.000000	0.000000	0.000000
2021-03-19 10:14:17	3.6989900578E+9	1.790578E-10	1.518656E+4	4.996256E+4	2.309571E+4	1.171013E+3	5.371984E+3	0.000000E+0	0.000000E+0	0.000000E+0	1.026306E+2	179.057776E-12	3.615425E+3	1.006948E+3	33.663747E+0	596.296289E+0	169.744062E+0	0.000000E+0	0.000000E+0	0.000000E+0	52.472335E+3	0.000000	0.000000	0.000000	0.000000
2021-03-19 10:14:20	3.6989900606E+9	1.790578E-10	1.518656E+4	4.996256E+4	2.310474E+4	1.171013E+3	5.371984E+3	0.000000E+0	0.000000E+0	0.000000E+0	1.026306E+2	179.057776E-12	3.615425E+3	1.006948E+3	33.645044E+0	596.296289E+0	169.744062E+0	0.000000E+0	0.000000E+0	0.000000E+0	52.472335E+3	0.000000	0.000000	0.000000	0.000000
2021-03-19 10:14:23	3.6989900634E+9	1.790578E-10	1.518656E+4	4.996256E+4	2.312463E+4	1.171013E+3	5.371984E+3	0.000000E+0	0.000000E+0	0.000000E+0	1.026306E+2	179.057776E-12	3.615425E+3	1.006948E+3	33.603894E+0	596.296289E+0	169.744062E+0	0.000000E+0	0.000000E+0	0.000000E+0	52.472335E+3	0.000000	0.000000	0.000000	0.000000
2021-03-19 10:14:26	3.6989900661E+9	1.790578E-10	1.518656E+4	4.996256E+4	2.313620E+4	1.171013E+3	5.371984E+3	0.000000E+0	0.000000E+0	0.000000E+0	1.026306E+2	179.057776E-12	3.615425E+3	1.006948E+3	33.580017E+0	596.296289E+0	169.744062E+0	0.000000E+0	0.000000E+0	0.000000E+0	52.472335E+3	0.000000	0.000000	0.000000	0.000000
2021-03-19 10:14:29	3.6989900692E+9	1.790578E-10	1.518656E+4	4.996256E+4	2.314266E+4	1.171013E+3	5.371984E+3	0.000000E+0	0.000000E+0	0.000000E+0	1.026306E+2	179.057776E-12	3.615425E+3	1.006948E+3	33.566665E+0	596.296289E+0	169.744062E+0	0.000000E+0	0.000000E+0	0.000000E+0	52.472335E+3	0.000000	0.000000	0.000000	0.000000
2021-03-19 10:14:36	3.6989900763E+9	1.790578E-10	1.518656E+4	4.996256E+4	2.305266E+4	1.171013E+3	5.360907E+3	0.000000E+0	0.000000E+0	0.000000E+0	1.026306E+2	179.057776E-12	3.615425E+3	1.006948E+3	33.753150E+0	596.296289E+0	170.671779E+0	0.000000E+0	0.000000E+0	0.000000E+0	52.472335E+3	0.000000	0.000000	0.000000	0.000000
2021-03-19 10:14:39	3.6989900790E+9	1.790578E-10	1.518656E+4	4.996256E+4	2.315477E+4	1.171013E+3	5.360907E+3	0.000000E+0	0.000000E+0	0.000000E+0	1.026306E+2	179.057776E-12	3.615425E+3	1.006948E+3	33.541707E+0	596.296289E+0	170.671779E+0	0.000000E+0	0.000000E+0	0.000000E+0	52.472335E+3	0.000000	0.000000	0.000000	0.000000
2021-03-19 10:14:42	3.6989900826E+9	1.790578E-10	1.518656E+4	4.996256E+4	2.318681E+4	1.171013E+3	5.360907E+3	0.000000E+0	0.000000E+0	0.000000E+0	1.026306E+2	179.057776E-12	3.615425E+3	1.006948E+3	33.475779E+0	596.296289E+0	170.671779E+0	0.000000E+0	0.000000E+0	0.000000E+0	52.472335E+3	0.000000	0.000000	0.000000	0.000000
2021-03-19 10:14:45	3.6989900856E+9	1.790578E-10	1.518656E+4	4.996256E+4	2.318051E+4	1.171013E+3	5.360907E+3	0.000000E+0	0.000000E+0	0.000000E+0	1.026306E+2	179.057776E-12	3.615425E+3	1.006948E+3	33.488724E+0	596.296289E+0	170.671779E+0	0.000000E+0	0.000000E+0	0.000000E+0	52.472335E+3	0.000000	0.000000	0.000000	0.000000
2021-03-19 10:14:48	3.6989900885E+9	1.790578E-10	1.518656E+4	4.996256E+4	2.319860E+4	1.171013E+3	5.360907E+3	0.000000E+0	0.000000E+0	0.000000E+0	1.026306E+2	179.057776E-12	3.615425E+3	1.006948E+3	33.451570E+0	596.296289E+0	170.671779E+0	0.000000E+0	0.000000E+0	0.000000E+0	52.472335E+3	0.000000	0.000000	0.000000	0.000000
2021-03-19 10:14:51	3.6989900916E+9	1.790578E-10	1.518656E+4	4.996256E+4	2.320230E+4	1.171013E+3	5.360907E+3	0.000000E+0	0.000000E+0	0.000000E+0	1.026306E+2	179.057776E-12	3.615425E+3	1.006948E+3	33.443983E+0	596.296289E+0	170.671779E+0	0.000000E+0	0.000000E+0	0.000000E+0	52.472335E+3	0.000000	0.000000	0.000000	0.000000
2021-03-19 10:14:56	3.6989900966E+9	1.790578E-10	1.518656E+4	4.996256E+4	2.322323E+4	1.171013E+3	5.360907E+3	0.000000E+0	0.000000E+0	0.000000E+0	1.026306E+2	179.057776E-12	3.615425E+3	1.006948E+3	33.401090E+0	596.296289E+0	170.671779E+0	0.000000E+0	0.000000E+0	0.000000E+0	52.472335E+3	0.000000	0.000000	0.000000	0.000000
2021-03-19 10:14:59	3.6989900997E+9	1.790578E-10	1.518656E+4	4.996256E+4	2.322541E+4	1.171013E+3	5.360907E+3	0.000000E+0	0.000000E+0	0.000000E+0	1.026306E+2	179.057776E-12	3.615425E+3	1.006948E+3	33.396631E+0	596.296289E+0	170.671779E+0	0.000000E+0	0.000000E+0	0.000000E+0	52.472335E+3	0.000000	0.000000	0.000000	0.000000
2021-03-19 10:15:02	3.6989901029E+9	1.790578E-10	1.518656E+4	4.996256E+4	2.322382E+4	1.171013E+3	5.360907E+3	0.000000E+0	0.000000E+0	0.000000E+0	1.026306E+2	179.057776E-12	3.615425E+3	1.006948E+3	33.399884E+0	596.296289E+0	170.671779E+0	0.000000E+0	0.000000E+0	0.000000E+0	52.472335E+3	0.000000	0.000000	0.000000	0.000000
2021-03-19 10:15:06	3.6989901063E+9	1.790578E-10	1.518656E+4	4.996256E+4	2.323198E+4	1.171013E+3	5.360907E+3	0.000000E+0	0.000000E+0	0.000000E+0	1.026306E+2	179.057776E-12	3.615425E+3	1.006948E+3	33.383193E+0	596.296289E+0	170.671779E+0	0.000000E+0	0.000000E+0	0.000000E+0	52.472335E+3	0.000000	0.000000	0.000000	0.000000
2021-03-19 10:15:09	3.6989901092E+9	1.790578E-10	1.518656E+4	4.996256E+4	2.323637E+4	1.171013E+3	5.360907E+3	0.000000E+0	0.000000E+0	0.000000E+0	1.026306E+2	179.057776E-12	3.615425E+3	1.006948E+3	33.374205E+0	596.296289E+0	170.671779E+0	0.000000E+0	0.000000E+0	0.000000E+0	52.472335E+3	0.000000	0.000000	0.000000	0.000000
2021-03-19 10:15:12	3.6989901124E+9	1.790578E-10	1.518656E+4	4.996256E+4	2.324400E+4	1.171013E+3	5.360907E+3	0.000000E+0	0.000000E+0	0.000000E+0	1.026306E+2	179.057776E-12	3.615425E+3	1.006948E+3	33.358620E+0	596.296289E+0	170.671779E+0	0.000000E+0	0.000000E+0	0.000000E+0	52.472335E+3	0.000000	0.000000	0.000000	0.000000
2021-03-19 10:15:15	3.6989901155E+9	1.790578E-10	1.518656E+4	4.996256E+4	2.324623E+4	1.171013E+3	5.360907E+3	0.000000E+0	0.000000E+0	0.000000E+0	1.026306E+2	179.057776E-12	3.615425E+3	1.006948E+3	33.354061E+0	596.296289E+0	170.671779E+0	0.000000E+0	0.000000E+0	0.000000E+0	52.472335E+3	0.000000	0.000000	0.000000	0.000000
2021-03-19 10:15:32	3.6989901320E+9	1.790735E-10	1.518656E+4	4.996256E+4	2.326671E+4	1.171013E+3	5.360907E+3	0.000000E+0	0.000000E+0	0.000000E+0	1.026306E+2	179.073467E-12	3.615425E+3	1.006948E+3	33.312267E+0	596.296289E+0	170.671779E+0	0.000000E+0	0.000000E+0	0.000000E+0	52.472335E+3	0.000000	0.000000	0.000000	0.000000
2021-03-19 10:15:34	3.6989901349E+9	1.790735E-10	1.518656E+4	4.996256E+4	2.325826E+4	1.171013E+3	5.360907E+3	0.000000E+0	0.000000E+0	0.000000E+0	1.026306E+2	179.073467E-12	3.615425E+3	1.006948E+3	33.329502E+0	596.296289E+0	170.671779E+0	0.000000E+0	0.000000E+0	0.000000E+0	52.472335E+3	0.000000	0.000000	0.000000	0.000000
2021-03-19 10:15:43	3.6989901436E+9	1.790735E-10	1.519545E+4	4.996256E+4	2.326672E+4	1.171013E+3	5.360907E+3	0.000000E+0	0.000000E+0	0.000000E+0	1.026306E+2	179.073467E-12	3.609394E+3	1.006948E+3	33.312242E+0	596.296289E+0	170.671779E+0	0.000000E+0	0.000000E+0	0.000000E+0	52.472335E+3	0.000000	0.000000	0.000000	0.000000
2021-03-19 10:15:46	3.6989901465E+9	1.790735E-10	1.519545E+4	4.996256E+4	2.326422E+4	1.171013E+3	5.360907E+3	0.000000E+0	0.000000E+0	0.000000E+0	1.026306E+2	179.073467E-12	3.609394E+3	1.006948E+3	33.317347E+0	596.296289E+0	170.671779E+0	0.000000E+0	0.000000E+0	0.000000E+0	52.472335E+3	0.000000	0.000000	0.000000	0.000000
2021-03-19 10:15:49	3.6989901491E+9	1.790735E-10	1.519545E+4	4.996256E+4	2.328642E+4	1.171013E+3	5.360907E+3	0.000000E+0	0.000000E+0	0.000000E+0	1.026306E+2	179.073467E-12	3.609394E+3	1.006948E+3	33.272124E+0	596.296289E+0	170.671779E+0	0.000000E+0	0.000000E+0	0.000000E+0	52.472335E+3	0.000000	0.000000	0.000000	0.000000
2021-03-19 10:15:52	3.6989901522E+9	1.790735E-10	1.519545E+4	4.996256E+4	2.327381E+4	1.171013E+3	5.360907E+3	0.000000E+0	0.000000E+0	0.000000E+0	1.026306E+2	179.073467E-12	3.609394E+3	1.006948E+3	33.297798E+0	596.296289E+0	170.671779E+0	0.000000E+0	0.000000E+0	0.000000E+0	52.472335E+3	0.000000	0.000000	0.000000	0.000000
2021-03-19 10:15:54	3.6989901550E+9	1.790735E-10	1.519545E+4	4.996256E+4	2.328024E+4	1.171013E+3	5.360907E+3	0.000000E+0	0.000000E+0	0.000000E+0	1.026306E+2	179.073467E-12	3.609394E+3	1.006948E+3	33.284702E+0	596.296289E+0	170.671779E+0	0.000000E+0	0.000000E+0	0.000000E+0	52.472335E+3	0.000000	0.000000	0.000000	0.000000
2021-03-19 10:15:58	3.6989901580E+9	1.790735E-10	1.519545E+4	4.996256E+4	2.326251E+4	1.171013E+3	5.360907E+3	0.000000E+0	0.000000E+0	0.000000E+0	1.026306E+2	179.073467E-12	3.609394E+3	1.006948E+3	33.320823E+0	596.296289E+0	170.671779E+0	0.000000E+0	0.000000E+0	0.000000E+0	52.472335E+3	0.000000	0.000000	0.000000	0.000000
2021-03-19 10:16:00	3.6989901608E+9	1.790735E-10	1.519545E+4	4.996256E+4	2.327975E+4	1.171013E+3	5.360907E+3	0.000000E+0	0.000000E+0	0.000000E+0	1.026306E+2	179.073467E-12	3.609394E+3	1.006948E+3	33.285685E+0	596.296289E+0	170.671779E+0	0.000000E+0	0.000000E+0	0.000000E+0	52.472335E+3	0.000000	0.000000	0.000000	0.000000
2021-03-19 10:16:03	3.6989901639E+9	1.790735E-10	1.519545E+4	4.996256E+4	2.328084E+4	1.171013E+3	5.360907E+3	0.000000E+0	0.000000E+0	0.000000E+0	1.026306E+2	179.073467E-12	3.609394E+3	1.006948E+3	33.283472E+0	596.296289E+0	170.671779E+0	0.000000E+0	0.000000E+0	0.000000E+0	52.472335E+3	0.000000	0.000000	0.000000	0.000000
2021-03-19 10:16:06	3.6989901664E+9	1.790735E-10	1.519545E+4	4.996256E+4	2.327327E+4	1.171013E+3	5.360907E+3	0.000000E+0	0.000000E+0	0.000000E+0	1.026306E+2	179.073467E-12	3.609394E+3	1.006948E+3	33.298898E+0	596.296289E+0	170.671779E+0	0.000000E+0	0.000000E+0	0.000000E+0	52.472335E+3	0.000000	0.000000	0.000000	0.000000
2021-03-19 10:16:09	3.6989901693E+9	1.790735E-10	1.519545E+4	4.996256E+4	2.326370E+4	1.171013E+3	5.360907E+3	0.000000E+0	0.000000E+0	0.000000E+0	1.026306E+2	179.073467E-12	3.609394E+3	1.006948E+3	33.318397E+0	596.296289E+0	170.671779E+0	0.000000E+0	0.000000E+0	0.000000E+0	52.472335E+3	0.000000	0.000000	0.000000	0.000000
2021-03-19 10:16:12	3.6989901725E+9	1.790735E-10	1.519545E+4	4.996256E+4	2.327706E+4	1.171013E+3	5.360907E+3	0.000000E+0	0.000000E+0	0.000000E+0	1.026306E+2	179.073467E-12	3.609394E+3	1.006948E+3	33.291164E+0	596.296289E+0	170.671779E+0	0.000000E+0	0.000000E+0	0.000000E+0	52.472335E+3	0.000000	0.000000	0.000000	0.000000
2021-03-19 10:16:15	3.6989901757E+9	1.790735E-10	1.519545E+4	4.996256E+4	2.328554E+4	1.171013E+3	5.360907E+3	0.000000E+0	0.000000E+0	0.000000E+0	1.026306E+2	179.073467E-12	3.609394E+3	1.006948E+3	33.273914E+0	596.296289E+0	170.671779E+0	0.000000E+0	0.000000E+0	0.000000E+0	52.472335E+3	0.000000	0.000000	0.000000	0.000000
