#

Date1	Date2	R0	R1	R2	R3	R4	R5	R6	R7	R8	R9	T0	T1	T2	T3	T4	T5	T6	T7	T8	T9	I0	I1	I2	I3
Date(String)	Date(Number)	C_still	3K	Still	MC - TT1810	MC - Cernox	50 mK				50K	C_still	3K	Still	MC - TT1810	MC - Cernox	50 mK				50K	Sorb3K	3K	Still	MC
		No Calibration	RuO2-10K-NEW	RuO2 10k	TT-1810	CernoxA - mk	RuO2 1k5	No Calibration	No Calibration	No Calibration	PT1000	No Calibration	RuO2-10K-NEW	RuO2 10k	TT-1810	CernoxA - mk	RuO2 1k5	No Calibration	No Calibration	No Calibration	PT1000				
2021-03-22 15:48:40	3.6992693209E+9	1.566588E-10	0.000000E+0	0.000000E+0	0.000000E+0	0.000000E+0	0.000000E+0	0.000000E+0	0.000000E+0	0.000000E+0	0.000000E+0	156.658771E-12	Inf	Inf	NaN	NaN	0.000000E+0	0.000000E+0	0.000000E+0	0.000000E+0	-Inf	0.000000	0.000000	0.000000	0.000000
2021-03-22 15:51:10	3.6992694701E+9	1.941080E-10	1.517862E+4	4.988876E+4	2.375394E+4	0.000000E+0	0.000000E+0	0.000000E+0	0.000000E+0	0.000000E+0	0.000000E+0	194.108045E-12	3.620830E+3	1.008327E+3	32.340844E+0	NaN	0.000000E+0	0.000000E+0	0.000000E+0	0.000000E+0	-Inf	0.000000	0.000000	0.000000	0.000000
2021-03-22 15:52:37	3.6992695580E+9	2.274325E-10	1.517826E+4	4.987758E+4	2.376222E+4	1.346372E+5	5.391105E+3	0.000000E+0	0.000000E+0	0.000000E+0	0.000000E+0	227.432461E-12	3.621078E+3	1.008537E+3	32.324710E+0	65.541287E+0	168.160728E+0	0.000000E+0	0.000000E+0	0.000000E+0	-Inf	0.000000	0.000000	0.000000	0.000000
2021-03-22 15:53:17	3.6992695971E+9	2.337439E-10	1.517645E+4	4.982148E+4	2.376117E+4	1.336681E+5	5.393673E+3	0.000000E+0	0.000000E+0	0.000000E+0	0.000000E+0	233.743936E-12	3.622315E+3	1.009588E+3	32.326758E+0	66.273825E+0	167.950256E+0	0.000000E+0	0.000000E+0	0.000000E+0	-Inf	0.000000	0.000000	0.000000	0.000000
2021-03-22 15:53:58	3.6992696384E+9	2.460591E-10	1.517665E+4	4.990054E+4	2.375678E+4	1.374179E+5	5.392573E+3	0.000000E+0	0.000000E+0	0.000000E+0	0.000000E+0	246.059147E-12	3.622175E+3	1.008107E+3	32.335302E+0	63.438660E+0	168.040176E+0	0.000000E+0	0.000000E+0	0.000000E+0	-Inf	0.000000	0.000000	0.000000	0.000000
2021-03-22 15:54:35	3.6992696751E+9	2.581343E-10	1.517737E+4	4.987799E+4	2.370575E+4	1.360493E+5	5.392426E+3	0.000000E+0	0.000000E+0	0.000000E+0	0.000000E+0	258.134253E-12	3.621686E+3	1.008529E+3	32.435022E+0	64.473465E+0	168.052677E+0	0.000000E+0	0.000000E+0	0.000000E+0	-Inf	0.000000	0.000000	0.000000	0.000000
2021-03-22 15:55:13	3.6992697140E+9	2.498826E-10	1.517631E+4	4.996720E+4	2.371919E+4	1.373892E+5	5.392324E+3	0.000000E+0	0.000000E+0	0.000000E+0	0.000000E+0	249.882645E-12	3.622406E+3	1.006862E+3	32.408725E+0	63.460338E+0	168.061049E+0	0.000000E+0	0.000000E+0	0.000000E+0	-Inf	0.000000	0.000000	0.000000	0.000000
2021-03-22 15:55:50	3.6992697506E+9	2.625041E-10	1.517752E+4	4.987755E+4	2.370699E+4	1.349921E+5	5.391514E+3	0.000000E+0	0.000000E+0	0.000000E+0	0.000000E+0	262.504084E-12	3.621580E+3	1.008537E+3	32.432601E+0	65.272891E+0	168.126562E+0	0.000000E+0	0.000000E+0	0.000000E+0	-Inf	0.000000	0.000000	0.000000	0.000000
2021-03-22 15:56:27	3.6992697877E+9	2.472457E-10	1.517882E+4	4.995058E+4	2.371313E+4	1.366519E+5	5.393679E+3	0.000000E+0	0.000000E+0	0.000000E+0	0.000000E+0	247.245673E-12	3.620694E+3	1.007172E+3	32.420574E+0	64.017760E+0	167.949421E+0	0.000000E+0	0.000000E+0	0.000000E+0	-Inf	0.000000	0.000000	0.000000	0.000000
2021-03-22 15:57:06	3.6992698266E+9	2.547707E-10	1.517689E+4	4.993510E+4	2.370920E+4	1.317288E+5	5.394052E+3	0.000000E+0	0.000000E+0	0.000000E+0	0.000000E+0	254.770745E-12	3.622013E+3	1.007461E+3	32.428278E+0	67.738169E+0	167.918093E+0	0.000000E+0	0.000000E+0	0.000000E+0	-Inf	0.000000	0.000000	0.000000	0.000000
2021-03-22 15:57:45	3.6992698654E+9	2.444480E-10	1.517620E+4	4.994955E+4	2.371372E+4	1.361416E+5	5.391735E+3	0.000000E+0	0.000000E+0	0.000000E+0	0.000000E+0	244.447979E-12	3.622483E+3	1.007191E+3	32.419412E+0	64.403620E+0	168.109321E+0	0.000000E+0	0.000000E+0	0.000000E+0	-Inf	0.000000	0.000000	0.000000	0.000000
2021-03-22 15:58:24	3.6992699045E+9	2.439884E-10	1.517905E+4	4.994270E+4	2.372866E+4	1.284478E+5	5.392955E+3	0.000000E+0	0.000000E+0	0.000000E+0	0.000000E+0	243.988400E-12	3.620543E+3	1.007319E+3	32.390207E+0	70.206038E+0	168.009587E+0	0.000000E+0	0.000000E+0	0.000000E+0	-Inf	0.000000	0.000000	0.000000	0.000000
2021-03-22 15:59:03	3.6992699433E+9	2.335381E-10	1.517895E+4	4.991529E+4	2.373113E+4	1.354820E+5	5.391901E+3	0.000000E+0	0.000000E+0	0.000000E+0	0.000000E+0	233.538112E-12	3.620609E+3	1.007831E+3	32.385372E+0	64.902429E+0	168.095928E+0	0.000000E+0	0.000000E+0	0.000000E+0	-Inf	0.000000	0.000000	0.000000	0.000000
2021-03-22 15:59:42	3.6992699825E+9	2.375004E-10	1.517685E+4	4.998228E+4	2.371367E+4	1.372373E+5	5.390201E+3	0.000000E+0	0.000000E+0	0.000000E+0	0.000000E+0	237.500378E-12	3.622039E+3	1.006580E+3	32.419523E+0	63.575208E+0	168.235353E+0	0.000000E+0	0.000000E+0	0.000000E+0	-Inf	0.000000	0.000000	0.000000	0.000000
2021-03-22 16:00:21	3.6992700215E+9	2.347065E-10	1.518014E+4	4.991572E+4	2.371667E+4	1.236198E+5	5.389678E+3	0.000000E+0	0.000000E+0	0.000000E+0	0.000000E+0	234.706517E-12	3.619795E+3	1.007823E+3	32.413642E+0	73.798329E+0	168.278732E+0	0.000000E+0	0.000000E+0	0.000000E+0	-Inf	0.000000	0.000000	0.000000	0.000000
2021-03-22 16:01:34	3.6992700942E+9	2.341149E-10	1.517899E+4	4.997213E+4	2.369890E+4	1.346925E+5	5.390253E+3	0.000000E+0	0.000000E+0	0.000000E+0	0.000000E+0	234.114929E-12	3.620576E+3	1.006770E+3	32.448442E+0	65.499458E+0	168.231197E+0	0.000000E+0	0.000000E+0	0.000000E+0	-Inf	0.000000	0.000000	0.000000	0.000000
2021-03-22 16:02:20	3.6992701405E+9	2.420789E-10	1.517766E+4	4.996024E+4	2.367654E+4	1.332232E+5	5.390638E+3	0.000000E+0	0.000000E+0	0.000000E+0	0.000000E+0	242.078891E-12	3.621486E+3	1.006991E+3	32.492305E+0	66.609999E+0	168.198720E+0	0.000000E+0	0.000000E+0	0.000000E+0	-Inf	0.000000	0.000000	0.000000	0.000000
2021-03-22 16:03:15	3.6992701953E+9	2.439487E-10	1.517459E+4	4.995390E+4	2.367959E+4	1.355214E+5	5.391832E+3	0.000000E+0	0.000000E+0	0.000000E+0	0.000000E+0	243.948658E-12	3.623581E+3	1.007110E+3	32.486316E+0	64.872649E+0	168.101142E+0	0.000000E+0	0.000000E+0	0.000000E+0	-Inf	0.000000	0.000000	0.000000	0.000000
2021-03-22 16:04:07	3.6992702474E+9	2.421262E-10	1.517153E+4	4.989767E+4	2.370391E+4	1.335116E+5	5.392608E+3	0.000000E+0	0.000000E+0	0.000000E+0	0.000000E+0	242.126214E-12	3.625672E+3	1.008161E+3	32.438636E+0	66.392107E+0	168.037028E+0	0.000000E+0	0.000000E+0	0.000000E+0	-Inf	0.000000	0.000000	0.000000	0.000000
2021-03-22 16:05:07	3.6992703071E+9	2.447044E-10	1.516803E+4	4.999693E+4	2.370347E+4	1.379566E+5	5.392503E+3	0.000000E+0	0.000000E+0	0.000000E+0	0.000000E+0	244.704374E-12	3.628070E+3	1.006307E+3	32.439500E+0	63.031571E+0	168.045089E+0	0.000000E+0	0.000000E+0	0.000000E+0	-Inf	0.000000	0.000000	0.000000	0.000000
2021-03-22 16:05:59	3.6992703594E+9	2.429312E-10	1.525072E+4	5.537688E+4	2.334301E+4	1.280184E+5	5.380357E+3	0.000000E+0	0.000000E+0	0.000000E+0	0.000000E+0	242.931190E-12	3.572346E+3	914.909953E+0	33.157244E+0	70.527695E+0	169.047481E+0	0.000000E+0	0.000000E+0	0.000000E+0	-Inf	0.000000	0.000000	0.000000	0.000000
2021-03-22 16:06:51	3.6992704117E+9	2.336372E-10	1.525524E+4	6.807542E+4	2.384461E+4	1.326831E+5	5.353576E+3	0.000000E+0	0.000000E+0	0.000000E+0	0.000000E+0	233.637193E-12	3.569349E+3	756.209599E+0	32.164729E+0	67.017964E+0	171.289591E+0	0.000000E+0	0.000000E+0	0.000000E+0	-Inf	0.000000	0.000000	0.000000	0.000000
2021-03-22 16:07:45	3.6992704659E+9	2.249262E-10	1.525689E+4	7.150306E+4	2.419385E+4	1.385181E+5	5.343198E+3	0.000000E+0	0.000000E+0	0.000000E+0	0.000000E+0	224.926196E-12	3.568252E+3	723.867038E+0	31.499105E+0	62.607321E+0	172.169992E+0	0.000000E+0	0.000000E+0	0.000000E+0	-Inf	0.000000	0.000000	0.000000	0.000000
2021-03-22 16:08:38	3.6992705182E+9	2.222002E-10	1.526311E+4	7.101951E+4	2.445855E+4	1.379175E+5	5.337626E+3	0.000000E+0	0.000000E+0	0.000000E+0	0.000000E+0	222.200213E-12	3.564145E+3	728.211880E+0	31.007418E+0	63.061073E+0	172.646612E+0	0.000000E+0	0.000000E+0	0.000000E+0	-Inf	0.000000	0.000000	0.000000	0.000000
2021-03-22 16:09:30	3.6992705708E+9	2.134147E-10	1.526052E+4	7.104782E+4	2.478596E+4	1.351353E+5	5.341959E+3	0.000000E+0	0.000000E+0	0.000000E+0	0.000000E+0	213.414718E-12	3.565855E+3	727.955616E+0	30.413507E+0	65.164619E+0	172.277439E+0	0.000000E+0	0.000000E+0	0.000000E+0	-Inf	0.000000	0.000000	0.000000	0.000000
2021-03-22 16:10:26	3.6992706265E+9	2.148039E-10	1.526542E+4	7.155765E+4	2.503184E+4	1.375908E+5	5.344712E+3	0.000000E+0	0.000000E+0	0.000000E+0	0.000000E+0	214.803924E-12	3.562617E+3	723.380812E+0	29.977196E+0	63.307961E+0	172.041838E+0	0.000000E+0	0.000000E+0	0.000000E+0	-Inf	0.000000	0.000000	0.000000	0.000000
2021-03-22 16:11:18	3.6992706786E+9	2.114039E-10	1.525965E+4	7.176435E+4	2.529304E+4	1.344740E+5	5.354886E+3	0.000000E+0	0.000000E+0	0.000000E+0	0.000000E+0	211.403864E-12	3.566428E+3	721.547497E+0	29.522251E+0	65.664682E+0	171.179066E+0	0.000000E+0	0.000000E+0	0.000000E+0	-Inf	0.000000	0.000000	0.000000	0.000000
2021-03-22 16:12:15	3.6992707353E+9	2.118193E-10	1.525956E+4	7.184717E+4	2.551575E+4	1.366005E+5	5.363297E+3	0.000000E+0	0.000000E+0	0.000000E+0	0.000000E+0	211.819251E-12	3.566487E+3	720.816473E+0	29.140949E+0	64.056647E+0	170.470617E+0	0.000000E+0	0.000000E+0	0.000000E+0	-Inf	0.000000	0.000000	0.000000	0.000000
2021-03-22 16:13:07	3.6992707875E+9	2.090880E-10	1.525906E+4	7.164534E+4	2.575964E+4	1.384488E+5	5.371204E+3	0.000000E+0	0.000000E+0	0.000000E+0	0.000000E+0	209.088033E-12	3.566820E+3	722.601574E+0	28.729941E+0	62.659668E+0	169.809917E+0	0.000000E+0	0.000000E+0	0.000000E+0	-Inf	0.000000	0.000000	0.000000	0.000000
2021-03-22 16:14:01	3.6992708420E+9	2.138183E-10	1.526637E+4	7.160732E+4	2.597309E+4	1.378003E+5	5.375917E+3	0.000000E+0	0.000000E+0	0.000000E+0	0.000000E+0	213.818270E-12	3.561990E+3	722.939169E+0	28.375571E+0	63.149628E+0	169.416190E+0	0.000000E+0	0.000000E+0	0.000000E+0	-Inf	0.000000	0.000000	0.000000	0.000000
2021-03-22 16:14:56	3.6992708963E+9	2.169184E-10	1.526292E+4	7.179789E+4	2.617286E+4	1.403901E+5	5.375866E+3	0.000000E+0	0.000000E+0	0.000000E+0	0.000000E+0	216.918417E-12	3.564270E+3	721.251258E+0	28.048185E+0	61.194893E+0	169.419690E+0	0.000000E+0	0.000000E+0	0.000000E+0	-Inf	0.000000	0.000000	0.000000	0.000000
2021-03-22 16:15:58	3.6992709589E+9	2.219996E-10	1.526355E+4	7.181236E+4	2.632837E+4	1.308791E+5	5.371061E+3	0.000000E+0	0.000000E+0	0.000000E+0	0.000000E+0	221.999640E-12	3.563853E+3	721.123491E+0	27.796054E+0	68.378704E+0	169.821302E+0	0.000000E+0	0.000000E+0	0.000000E+0	-Inf	0.000000	0.000000	0.000000	0.000000
2021-03-22 16:16:51	3.6992710113E+9	2.252716E-10	1.526504E+4	7.169467E+4	2.630096E+4	1.317599E+5	5.358095E+3	0.000000E+0	0.000000E+0	0.000000E+0	0.000000E+0	225.271617E-12	3.562869E+3	722.164207E+0	27.840326E+0	67.714712E+0	170.907122E+0	0.000000E+0	0.000000E+0	0.000000E+0	-Inf	0.000000	0.000000	0.000000	0.000000
2021-03-22 16:17:45	3.6992710656E+9	2.323903E-10	1.526961E+4	7.159377E+4	2.644580E+4	1.393601E+5	5.351680E+3	0.000000E+0	0.000000E+0	0.000000E+0	0.000000E+0	232.390297E-12	3.559860E+3	723.059547E+0	27.607198E+0	61.971620E+0	171.450542E+0	0.000000E+0	0.000000E+0	0.000000E+0	-Inf	0.000000	0.000000	0.000000	0.000000
2021-03-22 16:18:42	3.6992711221E+9	2.222363E-10	1.527083E+4	7.154319E+4	2.682018E+4	1.389085E+5	5.350270E+3	0.000000E+0	0.000000E+0	0.000000E+0	0.000000E+0	222.236289E-12	3.559055E+3	723.509537E+0	27.013395E+0	62.312510E+0	171.569601E+0	0.000000E+0	0.000000E+0	0.000000E+0	-Inf	0.000000	0.000000	0.000000	0.000000
2021-03-22 16:19:34	3.6992711745E+9	2.316964E-10	1.527306E+4	7.151126E+4	2.693171E+4	1.351413E+5	5.346946E+3	0.000000E+0	0.000000E+0	0.000000E+0	0.000000E+0	231.696421E-12	3.557584E+3	723.793936E+0	26.838827E+0	65.160069E+0	171.851284E+0	0.000000E+0	0.000000E+0	0.000000E+0	-Inf	0.000000	0.000000	0.000000	0.000000
2021-03-22 16:20:26	3.6992712270E+9	2.363198E-10	1.527236E+4	7.162765E+4	2.705425E+4	1.399009E+5	5.349100E+3	0.000000E+0	0.000000E+0	0.000000E+0	0.000000E+0	236.319762E-12	3.558044E+3	722.758537E+0	26.648171E+0	61.563691E+0	171.668904E+0	0.000000E+0	0.000000E+0	0.000000E+0	-Inf	0.000000	0.000000	0.000000	0.000000
2021-03-22 16:21:19	3.6992712791E+9	2.532325E-10	1.526741E+4	7.166892E+4	2.715453E+4	1.272191E+5	5.350383E+3	0.000000E+0	0.000000E+0	0.000000E+0	0.000000E+0	253.232489E-12	3.561303E+3	722.392412E+0	26.493050E+0	71.125566E+0	171.559971E+0	0.000000E+0	0.000000E+0	0.000000E+0	-Inf	0.000000	0.000000	0.000000	0.000000
2021-03-22 16:22:11	3.6992713316E+9	2.709174E-10	1.527340E+4	7.157808E+4	2.720929E+4	1.423320E+5	5.353038E+3	0.000000E+0	0.000000E+0	0.000000E+0	0.000000E+0	270.917383E-12	3.557363E+3	723.199046E+0	26.408665E+0	59.733700E+0	171.335433E+0	0.000000E+0	0.000000E+0	0.000000E+0	-Inf	0.000000	0.000000	0.000000	0.000000
2021-03-22 16:23:03	3.6992713838E+9	2.501658E-10	1.527159E+4	7.108833E+4	2.727667E+4	1.363203E+5	5.351593E+3	0.000000E+0	0.000000E+0	0.000000E+0	0.000000E+0	250.165824E-12	3.558556E+3	727.589245E+0	26.305147E+0	64.268511E+0	171.458354E+0	0.000000E+0	0.000000E+0	0.000000E+0	-Inf	0.000000	0.000000	0.000000	0.000000
2021-03-22 16:23:56	3.6992714363E+9	2.505366E-10	1.527204E+4	6.054610E+4	2.732432E+4	1.350625E+5	5.315367E+3	0.000000E+0	0.000000E+0	0.000000E+0	0.000000E+0	250.536605E-12	3.558258E+3	841.841802E+0	26.232141E+0	65.219673E+0	174.569378E+0	0.000000E+0	0.000000E+0	0.000000E+0	-Inf	0.000000	0.000000	0.000000	0.000000
2021-03-22 16:24:48	3.6992714887E+9	2.344204E-10	1.512027E+4	6.054610E+4	2.726431E+4	1.412198E+5	5.379032E+3	0.000000E+0	0.000000E+0	0.000000E+0	0.000000E+0	234.420437E-12	3.661072E+3	841.841802E+0	26.324099E+0	60.570000E+0	169.158104E+0	0.000000E+0	0.000000E+0	0.000000E+0	-Inf	0.000000	0.000000	0.000000	0.000000
2021-03-22 16:26:19	3.6992715797E+9	2.215579E-10	1.517327E+4	2.695041E+4	2.722407E+4	1.417833E+5	5.450914E+3	0.000000E+0	0.000000E+0	0.000000E+0	0.000000E+0	221.557892E-12	3.624487E+3	1.840146E+3	26.385921E+0	60.146025E+0	163.354891E+0	0.000000E+0	0.000000E+0	0.000000E+0	-Inf	0.000000	0.000000	0.000000	0.000000
2021-03-22 16:27:07	3.6992716279E+9	2.197955E-10	1.520760E+4	2.689995E+4	2.695265E+4	1.327313E+5	5.455006E+3	0.000000E+0	0.000000E+0	0.000000E+0	0.000000E+0	219.795512E-12	3.601182E+3	1.844551E+3	26.806157E+0	66.981524E+0	163.033873E+0	0.000000E+0	0.000000E+0	0.000000E+0	-Inf	0.000000	0.000000	0.000000	0.000000
2021-03-22 16:28:00	3.6992716802E+9	2.229774E-10	1.520906E+4	2.614987E+4	2.634179E+4	1.310258E+5	5.466421E+3	0.000000E+0	0.000000E+0	0.000000E+0	0.000000E+0	222.977432E-12	3.600194E+3	1.914072E+3	27.774407E+0	68.268150E+0	162.143089E+0	0.000000E+0	0.000000E+0	0.000000E+0	-Inf	0.000000	0.000000	0.000000	0.000000
2021-03-22 16:28:52	3.6992717325E+9	2.233905E-10	1.520789E+4	2.585484E+4	2.562337E+4	1.338737E+5	5.466866E+3	0.000000E+0	0.000000E+0	0.000000E+0	0.000000E+0	223.390520E-12	3.600985E+3	1.943663E+3	28.958768E+0	66.118456E+0	162.108366E+0	0.000000E+0	0.000000E+0	0.000000E+0	-Inf	0.000000	0.000000	0.000000	0.000000
2021-03-22 16:29:44	3.6992717848E+9	2.130515E-10	1.527164E+4	5.826948E+4	2.503065E+4	1.331053E+5	5.415018E+3	0.000000E+0	0.000000E+0	0.000000E+0	0.000000E+0	213.051493E-12	3.558519E+3	872.413051E+0	29.979277E+0	66.699085E+0	166.212819E+0	0.000000E+0	0.000000E+0	0.000000E+0	-Inf	0.000000	0.000000	0.000000	0.000000
2021-03-22 16:30:37	3.6992718374E+9	2.119919E-10	1.527106E+4	6.326989E+4	2.496006E+4	1.313670E+5	5.352754E+3	0.000000E+0	0.000000E+0	0.000000E+0	0.000000E+0	211.991905E-12	3.558900E+3	808.291055E+0	30.103731E+0	68.011016E+0	171.359308E+0	0.000000E+0	0.000000E+0	0.000000E+0	-Inf	0.000000	0.000000	0.000000	0.000000
2021-03-22 16:31:37	3.6992718971E+9	2.155758E-10	1.527078E+4	5.594313E+4	2.470862E+4	1.316847E+5	5.215039E+3	0.000000E+0	0.000000E+0	0.000000E+0	0.000000E+0	215.575755E-12	3.559085E+3	906.250889E+0	30.552430E+0	67.771435E+0	183.660129E+0	0.000000E+0	0.000000E+0	0.000000E+0	-Inf	0.000000	0.000000	0.000000	0.000000
2021-03-22 16:34:31	3.6992720716E+9	2.220359E-10	1.524607E+4	5.250416E+4	2.385964E+4	1.274160E+5	4.367746E+3	0.000000E+0	0.000000E+0	0.000000E+0	0.000000E+0	222.035928E-12	3.575428E+3	961.570149E+0	32.135659E+0	70.978405E+0	302.104875E+0	0.000000E+0	0.000000E+0	0.000000E+0	-Inf	0.000000	0.000000	0.000000	0.000000
2021-03-22 16:35:30	3.6992721301E+9	2.297311E-10	1.521909E+4	4.347918E+4	2.356002E+4	1.290302E+5	4.311155E+3	0.000000E+0	0.000000E+0	0.000000E+0	0.000000E+0	229.731077E-12	3.593452E+3	1.143415E+3	32.722308E+0	69.769115E+0	313.996249E+0	0.000000E+0	0.000000E+0	0.000000E+0	-Inf	0.000000	0.000000	0.000000	0.000000
2021-03-22 16:36:28	3.6992721882E+9	2.238936E-10	1.518783E+4	3.511517E+4	2.325518E+4	1.285488E+5	4.141344E+3	0.000000E+0	0.000000E+0	0.000000E+0	0.000000E+0	223.893619E-12	3.614566E+3	1.387247E+3	33.335793E+0	70.130280E+0	354.325044E+0	0.000000E+0	0.000000E+0	0.000000E+0	-Inf	0.000000	0.000000	0.000000	0.000000
2021-03-22 16:37:26	3.6992722465E+9	2.215382E-10	1.519861E+4	3.363374E+4	2.299475E+4	1.294716E+5	4.324038E+3	0.000000E+0	0.000000E+0	0.000000E+0	0.000000E+0	221.538243E-12	3.607257E+3	1.444854E+3	33.873990E+0	69.437665E+0	311.225631E+0	0.000000E+0	0.000000E+0	0.000000E+0	-Inf	0.000000	0.000000	0.000000	0.000000
2021-03-22 16:38:24	3.6992723048E+9	2.274040E-10	1.521698E+4	3.209184E+4	2.281132E+4	1.280685E+5	4.346486E+3	0.000000E+0	0.000000E+0	0.000000E+0	0.000000E+0	227.403952E-12	3.594864E+3	1.512762E+3	34.261290E+0	70.490188E+0	306.488686E+0	0.000000E+0	0.000000E+0	0.000000E+0	-Inf	0.000000	0.000000	0.000000	0.000000
2021-03-22 16:39:23	3.6992723631E+9	2.245791E-10	1.519056E+4	2.907766E+4	2.253066E+4	1.232426E+5	4.126813E+3	0.000000E+0	0.000000E+0	0.000000E+0	0.000000E+0	224.579073E-12	3.612708E+3	1.679757E+3	34.867760E+0	74.076205E+0	358.138059E+0	0.000000E+0	0.000000E+0	0.000000E+0	-Inf	0.000000	0.000000	0.000000	0.000000
2021-03-22 16:40:25	3.6992724259E+9	2.390995E-10	1.516832E+4	2.478082E+4	2.221857E+4	1.248605E+5	3.886015E+3	0.000000E+0	0.000000E+0	0.000000E+0	0.000000E+0	239.099513E-12	3.627871E+3	2.063943E+3	35.562899E+0	72.880953E+0	431.611244E+0	0.000000E+0	0.000000E+0	0.000000E+0	-Inf	0.000000	0.000000	0.000000	0.000000
2021-03-22 16:41:24	3.6992724842E+9	2.394997E-10	1.514380E+4	2.308728E+4	2.187918E+4	1.301483E+5	3.692553E+3	0.000000E+0	0.000000E+0	0.000000E+0	0.000000E+0	239.499674E-12	3.644740E+3	2.304641E+3	36.345371E+0	68.928885E+0	508.468233E+0	0.000000E+0	0.000000E+0	0.000000E+0	-Inf	0.000000	0.000000	0.000000	0.000000
2021-03-22 16:42:22	3.6992725425E+9	2.291668E-10	1.513099E+4	2.208297E+4	2.148765E+4	1.282873E+5	3.549355E+3	0.000000E+0	0.000000E+0	0.000000E+0	0.000000E+0	229.166825E-12	3.653614E+3	2.487254E+3	37.284883E+0	70.326292E+0	579.360147E+0	0.000000E+0	0.000000E+0	0.000000E+0	-Inf	0.000000	0.000000	0.000000	0.000000
2021-03-22 16:43:20	3.6992726005E+9	2.251143E-10	1.512620E+4	2.122575E+4	2.102433E+4	1.283908E+5	3.434250E+3	0.000000E+0	0.000000E+0	0.000000E+0	0.000000E+0	225.114270E-12	3.656943E+3	2.674588E+3	38.452034E+0	70.248761E+0	647.619012E+0	0.000000E+0	0.000000E+0	0.000000E+0	-Inf	0.000000	0.000000	0.000000	0.000000
2021-03-22 16:44:19	3.6992726591E+9	2.239091E-10	1.512337E+4	2.062927E+4	2.047460E+4	1.260049E+5	3.339736E+3	0.000000E+0	0.000000E+0	0.000000E+0	0.000000E+0	223.909085E-12	3.658911E+3	2.826118E+3	39.922444E+0	72.031013E+0	713.069597E+0	0.000000E+0	0.000000E+0	0.000000E+0	-Inf	0.000000	0.000000	0.000000	0.000000
2021-03-22 16:45:17	3.6992727178E+9	2.226517E-10	1.512305E+4	2.016560E+4	1.985518E+4	1.260180E+5	3.261938E+3	0.000000E+0	0.000000E+0	0.000000E+0	0.000000E+0	222.651704E-12	3.659135E+3	2.958192E+3	41.703593E+0	72.021261E+0	774.652996E+0	0.000000E+0	0.000000E+0	0.000000E+0	-Inf	0.000000	0.000000	0.000000	0.000000
2021-03-22 16:46:16	3.6992727761E+9	2.307780E-10	1.512218E+4	1.981601E+4	1.920939E+4	1.187908E+5	3.225554E+3	0.000000E+0	0.000000E+0	0.000000E+0	0.000000E+0	230.777992E-12	3.659741E+3	3.067206E+3	43.718962E+0	77.317093E+0	806.236468E+0	0.000000E+0	0.000000E+0	0.000000E+0	-Inf	0.000000	0.000000	0.000000	0.000000
2021-03-22 16:47:14	3.6992728346E+9	2.426058E-10	1.512948E+4	1.959641E+4	1.864677E+4	1.217874E+5	3.180380E+3	0.000000E+0	0.000000E+0	0.000000E+0	0.000000E+0	242.605822E-12	3.654665E+3	3.140265E+3	45.623801E+0	75.143986E+0	848.200247E+0	0.000000E+0	0.000000E+0	0.000000E+0	-Inf	0.000000	0.000000	0.000000	0.000000
2021-03-22 16:48:12	3.6992728929E+9	2.396518E-10	1.512988E+4	1.939330E+4	1.808753E+4	1.177212E+5	3.146940E+3	0.000000E+0	0.000000E+0	0.000000E+0	0.000000E+0	239.651766E-12	3.654382E+3	3.211241E+3	47.672084E+0	78.083359E+0	881.420371E+0	0.000000E+0	0.000000E+0	0.000000E+0	-Inf	0.000000	0.000000	0.000000	0.000000
2021-03-22 16:49:11	3.6992729512E+9	2.423386E-10	1.512907E+4	1.918018E+4	1.751910E+4	1.120206E+5	3.104544E+3	0.000000E+0	0.000000E+0	0.000000E+0	0.000000E+0	242.338634E-12	3.654945E+3	3.289460E+3	49.931544E+0	82.064984E+0	926.426838E+0	0.000000E+0	0.000000E+0	0.000000E+0	-Inf	0.000000	0.000000	0.000000	0.000000
2021-03-22 16:50:09	3.6992730094E+9	2.381090E-10	1.512475E+4	1.896642E+4	1.692697E+4	1.063863E+5	3.072425E+3	0.000000E+0	0.000000E+0	0.000000E+0	0.000000E+0	238.109031E-12	3.657955E+3	3.372031E+3	52.499445E+0	85.794304E+0	962.876639E+0	0.000000E+0	0.000000E+0	0.000000E+0	-Inf	0.000000	0.000000	0.000000	0.000000
2021-03-22 16:51:07	3.6992730677E+9	2.334644E-10	1.512624E+4	1.878716E+4	1.635356E+4	1.032900E+5	3.044196E+3	0.000000E+0	0.000000E+0	0.000000E+0	0.000000E+0	233.464422E-12	3.656912E+3	3.444663E+3	55.221520E+0	87.738595E+0	996.730200E+0	0.000000E+0	0.000000E+0	0.000000E+0	-Inf	0.000000	0.000000	0.000000	0.000000
2021-03-22 16:52:05	3.6992731260E+9	2.206483E-10	1.512751E+4	1.862502E+4	1.580396E+4	9.607044E+4	3.024882E+3	0.000000E+0	0.000000E+0	0.000000E+0	0.000000E+0	220.648306E-12	3.656028E+3	3.513187E+3	58.076317E+0	91.931340E+0	1.020941E+3	0.000000E+0	0.000000E+0	0.000000E+0	-Inf	0.000000	0.000000	0.000000	0.000000
2021-03-22 16:53:04	3.6992731843E+9	2.186302E-10	1.512567E+4	1.847219E+4	1.532942E+4	8.937166E+4	3.006752E+3	0.000000E+0	0.000000E+0	0.000000E+0	0.000000E+0	218.630187E-12	3.657308E+3	3.580369E+3	60.758879E+0	95.335771E+0	1.044489E+3	0.000000E+0	0.000000E+0	0.000000E+0	-Inf	0.000000	0.000000	0.000000	0.000000
2021-03-22 16:54:02	3.6992732424E+9	2.126225E-10	1.512519E+4	1.834119E+4	1.487237E+4	8.292769E+4	2.994129E+3	0.000000E+0	0.000000E+0	0.000000E+0	0.000000E+0	212.622484E-12	3.657644E+3	3.640064E+3	63.556009E+0	98.119583E+0	1.061372E+3	0.000000E+0	0.000000E+0	0.000000E+0	-Inf	0.000000	0.000000	0.000000	0.000000
2021-03-22 16:55:00	3.6992733008E+9	2.186581E-10	1.512282E+4	1.822898E+4	1.445670E+4	7.990214E+4	2.983409E+3	0.000000E+0	0.000000E+0	0.000000E+0	0.000000E+0	218.658118E-12	3.659299E+3	3.692816E+3	66.301871E+0	99.252466E+0	1.076038E+3	0.000000E+0	0.000000E+0	0.000000E+0	-Inf	0.000000	0.000000	0.000000	0.000000
2021-03-22 16:55:59	3.6992733590E+9	2.231186E-10	1.512428E+4	1.813438E+4	1.407508E+4	7.055838E+4	2.983436E+3	0.000000E+0	0.000000E+0	0.000000E+0	0.000000E+0	223.118594E-12	3.658277E+3	3.738493E+3	69.010290E+0	102.048715E+0	1.075999E+3	0.000000E+0	0.000000E+0	0.000000E+0	-Inf	0.000000	0.000000	0.000000	0.000000
2021-03-22 16:56:57	3.6992734176E+9	2.246345E-10	1.512404E+4	1.804296E+4	1.371562E+4	6.969601E+4	2.972163E+3	0.000000E+0	0.000000E+0	0.000000E+0	0.000000E+0	224.634467E-12	3.658447E+3	3.783720E+3	71.742451E+0	102.255301E+0	1.091753E+3	0.000000E+0	0.000000E+0	0.000000E+0	-Inf	0.000000	0.000000	0.000000	0.000000
2021-03-22 16:57:55	3.6992734759E+9	2.197509E-10	1.512214E+4	1.796521E+4	1.338193E+4	6.469951E+4	2.961299E+3	0.000000E+0	0.000000E+0	0.000000E+0	0.000000E+0	219.750880E-12	3.659771E+3	3.823049E+3	74.451081E+0	103.297418E+0	1.107277E+3	0.000000E+0	0.000000E+0	0.000000E+0	-Inf	0.000000	0.000000	0.000000	0.000000
2021-03-22 16:58:53	3.6992735339E+9	2.210801E-10	1.512131E+4	1.789542E+4	1.308058E+4	5.761372E+4	2.958284E+3	0.000000E+0	0.000000E+0	0.000000E+0	0.000000E+0	221.080107E-12	3.660350E+3	3.859047E+3	77.053145E+0	104.397749E+0	1.111649E+3	0.000000E+0	0.000000E+0	0.000000E+0	-Inf	0.000000	0.000000	0.000000	0.000000
2021-03-22 17:00:01	3.6992736013E+9	2.472590E-10	1.512046E+4	1.783168E+4	1.273310E+4	5.439771E+4	2.956861E+3	0.000000E+0	0.000000E+0	0.000000E+0	0.000000E+0	247.259038E-12	3.660941E+3	3.892519E+3	80.254819E+0	104.800257E+0	1.113709E+3	0.000000E+0	0.000000E+0	0.000000E+0	-Inf	0.000000	0.000000	0.000000	0.000000
2021-03-22 17:00:56	3.6992736561E+9	2.543436E-10	1.512421E+4	1.777055E+4	1.255892E+4	5.788982E+4	2.955733E+3	0.000000E+0	0.000000E+0	0.000000E+0	0.000000E+0	254.343576E-12	3.658326E+3	3.925167E+3	81.947502E+0	104.361172E+0	1.115356E+3	0.000000E+0	0.000000E+0	0.000000E+0	-Inf	0.000000	0.000000	0.000000	0.000000
2021-03-22 17:01:54	3.6992737144E+9	2.502243E-10	1.512321E+4	1.772279E+4	1.234240E+4	1.114992E+4	2.956188E+3	0.000000E+0	0.000000E+0	0.000000E+0	0.000000E+0	250.224281E-12	3.659023E+3	3.951045E+3	84.139551E+0	160.022249E+0	1.114700E+3	0.000000E+0	0.000000E+0	0.000000E+0	-Inf	0.000000	0.000000	0.000000	0.000000
2021-03-22 17:02:52	3.6992737726E+9	2.422945E-10	1.512636E+4	1.767679E+4	1.213873E+4	2.998410E+5	2.956528E+3	0.000000E+0	0.000000E+0	0.000000E+0	0.000000E+0	242.294527E-12	3.656830E+3	3.976293E+3	86.295886E+0	2.246245E+0	1.114197E+3	0.000000E+0	0.000000E+0	0.000000E+0	-Inf	0.000000	0.000000	0.000000	0.000000
2021-03-22 17:04:30	3.6992738701E+9	2.479359E-10	1.512783E+4	1.763258E+4	1.185122E+4	3.235786E+4	3.115551E+3	0.000000E+0	0.000000E+0	0.000000E+0	0.000000E+0	247.935882E-12	3.655812E+3	4.000861E+3	89.507892E+0	109.825326E+0	914.414159E+0	0.000000E+0	0.000000E+0	0.000000E+0	-Inf	0.000000	0.000000	0.000000	0.000000
2021-03-22 17:05:31	3.6992739314E+9	2.461754E-10	1.513530E+4	1.761603E+4	1.094281E+4	2.620171E+4	3.115551E+3	0.000000E+0	0.000000E+0	0.000000E+0	0.000000E+0	246.175414E-12	3.650623E+3	4.010135E+3	101.168035E+0	114.614446E+0	914.414159E+0	0.000000E+0	0.000000E+0	0.000000E+0	-Inf	0.000000	0.000000	0.000000	0.000000
2021-03-22 17:06:58	3.6992740185E+9	2.330889E-10	1.513315E+4	1.758918E+4	1.067820E+4	2.418798E+4	3.115551E+3	0.000000E+0	0.000000E+0	0.000000E+0	0.000000E+0	233.088903E-12	3.652113E+3	4.025268E+3	105.076707E+0	117.029044E+0	914.414159E+0	0.000000E+0	0.000000E+0	0.000000E+0	-Inf	0.000000	0.000000	0.000000	0.000000
2021-03-22 17:08:26	3.6992741061E+9	2.271780E-10	1.513639E+4	1.754131E+4	1.045587E+4	2.259777E+4	2.981631E+3	0.000000E+0	0.000000E+0	0.000000E+0	0.000000E+0	227.178005E-12	3.649864E+3	4.052529E+3	108.572343E+0	119.361187E+0	1.078497E+3	0.000000E+0	0.000000E+0	0.000000E+0	-Inf	0.000000	0.000000	0.000000	0.000000
2021-03-22 17:09:20	3.6992741604E+9	2.291262E-10	1.513829E+4	1.750573E+4	1.030943E+4	2.197681E+4	2.966747E+3	0.000000E+0	0.000000E+0	0.000000E+0	0.000000E+0	229.126226E-12	3.648549E+3	4.073030E+3	110.989275E+0	120.392711E+0	1.099448E+3	0.000000E+0	0.000000E+0	0.000000E+0	-Inf	0.000000	0.000000	0.000000	0.000000
2021-03-22 17:10:18	3.6992742189E+9	2.284401E-10	1.513536E+4	1.748549E+4	1.016916E+4	2.087876E+4	2.951689E+3	0.000000E+0	0.000000E+0	0.000000E+0	0.000000E+0	228.440062E-12	3.650583E+3	4.084779E+3	113.395664E+0	122.407741E+0	1.121283E+3	0.000000E+0	0.000000E+0	0.000000E+0	-Inf	0.000000	0.000000	0.000000	0.000000
2021-03-22 17:11:17	3.6992742773E+9	2.235907E-10	1.513489E+4	1.745810E+4	1.003008E+4	1.990821E+4	2.943123E+3	0.000000E+0	0.000000E+0	0.000000E+0	0.000000E+0	223.590692E-12	3.650910E+3	4.100786E+3	115.875320E+0	124.417308E+0	1.133996E+3	0.000000E+0	0.000000E+0	0.000000E+0	-Inf	0.000000	0.000000	0.000000	0.000000
2021-03-22 17:12:15	3.6992743357E+9	2.346518E-10	1.512995E+4	1.744220E+4	9.894552E+3	1.902759E+4	2.934837E+3	0.000000E+0	0.000000E+0	0.000000E+0	0.000000E+0	234.651788E-12	3.654338E+3	4.110136E+3	118.386355E+0	126.452456E+0	1.146512E+3	0.000000E+0	0.000000E+0	0.000000E+0	-Inf	0.000000	0.000000	0.000000	0.000000
2021-03-22 17:13:14	3.6992743940E+9	2.244420E-10	1.513176E+4	1.741658E+4	9.758938E+3	1.802120E+4	2.927010E+3	0.000000E+0	0.000000E+0	0.000000E+0	0.000000E+0	224.442023E-12	3.653079E+3	4.125291E+3	120.998491E+0	129.059973E+0	1.158517E+3	0.000000E+0	0.000000E+0	0.000000E+0	-Inf	0.000000	0.000000	0.000000	0.000000
2021-03-22 17:14:23	3.6992744636E+9	2.259189E-10	1.513535E+4	1.740245E+4	9.615905E+3	1.703963E+4	2.918969E+3	0.000000E+0	0.000000E+0	0.000000E+0	0.000000E+0	225.918869E-12	3.650585E+3	4.133695E+3	123.868010E+0	131.935654E+0	1.171058E+3	0.000000E+0	0.000000E+0	0.000000E+0	-Inf	0.000000	0.000000	0.000000	0.000000
2021-03-22 17:15:21	3.6992745215E+9	2.399068E-10	1.513731E+4	1.738589E+4	9.490310E+3	1.645577E+4	2.913806E+3	0.000000E+0	0.000000E+0	0.000000E+0	0.000000E+0	239.906767E-12	3.649225E+3	4.143587E+3	126.490552E+0	133.823062E+0	1.179218E+3	0.000000E+0	0.000000E+0	0.000000E+0	-Inf	0.000000	0.000000	0.000000	0.000000
2021-03-22 17:16:20	3.6992745801E+9	2.349562E-10	1.513930E+4	1.738427E+4	9.382638E+3	1.536542E+4	2.911261E+3	0.000000E+0	0.000000E+0	0.000000E+0	0.000000E+0	234.956220E-12	3.647851E+3	4.144554E+3	128.819930E+0	137.753383E+0	1.183269E+3	0.000000E+0	0.000000E+0	0.000000E+0	-Inf	0.000000	0.000000	0.000000	0.000000
2021-03-22 17:17:33	3.6992746538E+9	2.302726E-10	1.513810E+4	1.736964E+4	9.251085E+3	1.463640E+4	2.909450E+3	0.000000E+0	0.000000E+0	0.000000E+0	0.000000E+0	230.272605E-12	3.648682E+3	4.153339E+3	131.773414E+0	140.716867E+0	1.186170E+3	0.000000E+0	0.000000E+0	0.000000E+0	-Inf	0.000000	0.000000	0.000000	0.000000
2021-03-22 17:18:28	3.6992747084E+9	2.421954E-10	1.513901E+4	1.736284E+4	9.184795E+3	1.430461E+4	2.906918E+3	0.000000E+0	0.000000E+0	0.000000E+0	0.000000E+0	242.195365E-12	3.648052E+3	4.157429E+3	133.308654E+0	142.165887E+0	1.190240E+3	0.000000E+0	0.000000E+0	0.000000E+0	-Inf	0.000000	0.000000	0.000000	0.000000
2021-03-22 17:19:26	3.6992747668E+9	2.316613E-10	1.514176E+4	1.735363E+4	9.104288E+3	1.371961E+4	2.904774E+3	0.000000E+0	0.000000E+0	0.000000E+0	0.000000E+0	231.661295E-12	3.646148E+3	4.162989E+3	135.217370E+0	144.888839E+0	1.193697E+3	0.000000E+0	0.000000E+0	0.000000E+0	-Inf	0.000000	0.000000	0.000000	0.000000
2021-03-22 17:20:25	3.6992748254E+9	2.245022E-10	1.514006E+4	1.735599E+4	9.022730E+3	1.319448E+4	2.904747E+3	0.000000E+0	0.000000E+0	0.000000E+0	0.000000E+0	224.502199E-12	3.647326E+3	4.161564E+3	137.202349E+0	147.532141E+0	1.193743E+3	0.000000E+0	0.000000E+0	0.000000E+0	-Inf	0.000000	0.000000	0.000000	0.000000
2021-03-22 17:21:23	3.6992748837E+9	2.164260E-10	1.513951E+4	1.734682E+4	8.947653E+3	1.305279E+4	2.903960E+3	0.000000E+0	0.000000E+0	0.000000E+0	0.000000E+0	216.425972E-12	3.647706E+3	4.167106E+3	139.077034E+0	148.280213E+0	1.195020E+3	0.000000E+0	0.000000E+0	0.000000E+0	-Inf	0.000000	0.000000	0.000000	0.000000
2021-03-22 17:22:22	3.6992749421E+9	2.149182E-10	1.514113E+4	1.734426E+4	8.878476E+3	1.208431E+4	2.903035E+3	0.000000E+0	0.000000E+0	0.000000E+0	0.000000E+0	214.918201E-12	3.646586E+3	4.168659E+3	140.846162E+0	153.832559E+0	1.196519E+3	0.000000E+0	0.000000E+0	0.000000E+0	-Inf	0.000000	0.000000	0.000000	0.000000
2021-03-22 17:23:20	3.6992750007E+9	2.237098E-10	1.514147E+4	1.734129E+4	8.803735E+3	1.235020E+4	2.902949E+3	0.000000E+0	0.000000E+0	0.000000E+0	0.000000E+0	223.709795E-12	3.646349E+3	4.170456E+3	142.804319E+0	152.227608E+0	1.196660E+3	0.000000E+0	0.000000E+0	0.000000E+0	-Inf	0.000000	0.000000	0.000000	0.000000
2021-03-22 17:24:18	3.6992750588E+9	2.163028E-10	1.513760E+4	1.728370E+4	8.720730E+3	1.179274E+4	2.890770E+3	0.000000E+0	0.000000E+0	0.000000E+0	0.000000E+0	216.302824E-12	3.649026E+3	4.205662E+3	145.038062E+0	155.668678E+0	1.216708E+3	0.000000E+0	0.000000E+0	0.000000E+0	-Inf	0.000000	0.000000	0.000000	0.000000
2021-03-22 17:25:17	3.6992751172E+9	2.038147E-10	1.508827E+4	1.719525E+4	8.549534E+3	9.264957E+3	2.901888E+3	0.000000E+0	0.000000E+0	0.000000E+0	0.000000E+0	203.814712E-12	3.683533E+3	4.260865E+3	149.852791E+0	175.778398E+0	1.198381E+3	0.000000E+0	0.000000E+0	0.000000E+0	-Inf	0.000000	0.000000	0.000000	0.000000
2021-03-22 17:26:15	3.6992751757E+9	2.140854E-10	1.505576E+4	1.709500E+4	8.406919E+3	2.433489E+4	2.875462E+3	0.000000E+0	0.000000E+0	0.000000E+0	0.000000E+0	214.085355E-12	3.706648E+3	4.325155E+3	154.092566E+0	116.833949E+0	1.242623E+3	0.000000E+0	0.000000E+0	0.000000E+0	-Inf	0.000000	0.000000	0.000000	0.000000
2021-03-22 17:27:22	3.6992752421E+9	2.103675E-10	1.503991E+4	1.699740E+4	8.226016E+3	-1.019151E+5	2.866782E+3	0.000000E+0	0.000000E+0	0.000000E+0	0.000000E+0	210.367545E-12	3.718024E+3	4.389578E+3	159.797295E+0	NaN	1.257707E+3	0.000000E+0	0.000000E+0	0.000000E+0	-Inf	0.000000	0.000000	0.000000	0.000000
2021-03-22 17:28:48	3.6992753285E+9	1.982712E-10	1.501718E+4	1.686597E+4	8.049390E+3	8.599416E+3	2.861747E+3	0.000000E+0	0.000000E+0	0.000000E+0	0.000000E+0	198.271159E-12	3.734464E+3	4.479312E+3	165.753115E+0	182.708020E+0	1.266575E+3	0.000000E+0	0.000000E+0	0.000000E+0	-Inf	0.000000	0.000000	0.000000	0.000000
2021-03-22 17:29:46	3.6992753870E+9	1.961988E-10	1.501196E+4	1.682178E+4	7.850409E+3	7.711741E+3	2.869333E+3	0.000000E+0	0.000000E+0	0.000000E+0	0.000000E+0	196.198784E-12	3.738261E+3	4.510286E+3	172.969507E+0	193.433719E+0	1.253243E+3	0.000000E+0	0.000000E+0	0.000000E+0	-Inf	0.000000	0.000000	0.000000	0.000000
2021-03-22 17:30:45	3.6992754451E+9	2.003635E-10	1.500347E+4	1.679657E+4	7.604986E+3	6.843190E+3	2.861412E+3	0.000000E+0	0.000000E+0	0.000000E+0	0.000000E+0	200.363489E-12	3.744448E+3	4.528138E+3	182.703425E+0	206.007195E+0	1.267156E+3	0.000000E+0	0.000000E+0	0.000000E+0	-Inf	0.000000	0.000000	0.000000	0.000000
2021-03-22 17:31:43	3.6992755037E+9	2.033144E-10	1.500162E+4	1.678637E+4	7.333422E+3	5.973165E+3	2.878339E+3	0.000000E+0	0.000000E+0	0.000000E+0	0.000000E+0	203.314386E-12	3.745804E+3	4.535401E+3	194.710512E+0	221.349671E+0	1.237680E+3	0.000000E+0	0.000000E+0	0.000000E+0	-Inf	0.000000	0.000000	0.000000	0.000000
2021-03-22 17:32:41	3.6992755619E+9	2.031942E-10	1.499606E+4	3.950846E+4	7.296732E+3	5.925661E+3	3.010230E+3	0.000000E+0	0.000000E+0	0.000000E+0	0.000000E+0	203.194231E-12	3.749872E+3	1.246192E+3	196.444094E+0	222.285256E+0	1.039911E+3	0.000000E+0	0.000000E+0	0.000000E+0	-Inf	0.000000	0.000000	0.000000	0.000000
2021-03-22 17:33:40	3.6992756202E+9	2.052855E-10	1.519344E+4	4.467210E+4	7.142432E+3	5.424002E+3	3.010230E+3	0.000000E+0	0.000000E+0	0.000000E+0	0.000000E+0	205.285526E-12	3.610754E+3	1.115750E+3	204.053825E+0	232.913583E+0	1.039911E+3	0.000000E+0	0.000000E+0	0.000000E+0	-Inf	0.000000	0.000000	0.000000	0.000000
2021-03-22 17:35:17	3.6992757175E+9	2.088966E-10	1.522876E+4	2.720671E+4	7.070592E+3	5.252675E+3	2.993282E+3	0.000000E+0	0.000000E+0	0.000000E+0	0.000000E+0	208.896633E-12	3.586971E+3	1.818258E+3	207.782975E+0	236.891762E+0	1.062526E+3	0.000000E+0	0.000000E+0	0.000000E+0	-Inf	0.000000	0.000000	0.000000	0.000000
2021-03-22 17:36:15	3.6992757758E+9	2.165696E-10	1.519301E+4	2.233731E+4	7.034696E+3	5.198197E+3	2.988191E+3	0.000000E+0	0.000000E+0	0.000000E+0	0.000000E+0	216.569613E-12	3.611045E+3	2.437598E+3	209.693125E+0	238.198223E+0	1.069458E+3	0.000000E+0	0.000000E+0	0.000000E+0	-Inf	0.000000	0.000000	0.000000	0.000000
2021-03-22 17:37:16	3.6992758362E+9	2.280521E-10	1.516695E+4	2.103303E+4	7.005910E+3	5.161400E+3	2.978749E+3	0.000000E+0	0.000000E+0	0.000000E+0	0.000000E+0	228.052083E-12	3.628805E+3	2.721463E+3	211.248192E+0	239.092513E+0	1.082505E+3	0.000000E+0	0.000000E+0	0.000000E+0	-Inf	0.000000	0.000000	0.000000	0.000000
2021-03-22 17:38:14	3.6992758946E+9	2.293983E-10	1.515237E+4	2.024093E+4	6.977612E+3	5.055494E+3	2.969537E+3	0.000000E+0	0.000000E+0	0.000000E+0	0.000000E+0	229.398309E-12	3.638826E+3	2.935804E+3	212.797441E+0	241.721288E+0	1.095477E+3	0.000000E+0	0.000000E+0	0.000000E+0	-Inf	0.000000	0.000000	0.000000	0.000000
2021-03-22 17:39:13	3.6992759530E+9	2.382160E-10	1.514696E+4	1.977818E+4	6.953268E+3	5.028533E+3	2.962112E+3	0.000000E+0	0.000000E+0	0.000000E+0	0.000000E+0	238.215991E-12	3.642554E+3	3.079528E+3	214.146815E+0	242.403916E+0	1.106104E+3	0.000000E+0	0.000000E+0	0.000000E+0	-Inf	0.000000	0.000000	0.000000	0.000000
2021-03-22 17:40:11	3.6992760112E+9	2.421541E-10	1.514430E+4	1.943806E+4	6.925416E+3	4.900453E+3	2.956332E+3	0.000000E+0	0.000000E+0	0.000000E+0	0.000000E+0	242.154063E-12	3.644392E+3	3.195307E+3	215.709900E+0	245.724458E+0	1.114486E+3	0.000000E+0	0.000000E+0	0.000000E+0	-Inf	0.000000	0.000000	0.000000	0.000000
2021-03-22 17:41:09	3.6992760696E+9	2.398429E-10	1.514445E+4	1.917493E+4	6.903261E+3	4.903654E+3	2.952139E+3	0.000000E+0	0.000000E+0	0.000000E+0	0.000000E+0	239.842859E-12	3.644289E+3	3.291437E+3	216.968080E+0	245.639877E+0	1.120626E+3	0.000000E+0	0.000000E+0	0.000000E+0	-Inf	0.000000	0.000000	0.000000	0.000000
2021-03-22 17:42:07	3.6992761279E+9	2.393107E-10	1.514617E+4	1.922913E+4	6.798278E+3	4.572493E+3	2.952139E+3	0.000000E+0	0.000000E+0	0.000000E+0	0.000000E+0	239.310727E-12	3.643104E+3	3.271142E+3	223.115392E+0	254.865636E+0	1.120626E+3	0.000000E+0	0.000000E+0	0.000000E+0	-Inf	0.000000	0.000000	0.000000	0.000000
2021-03-22 17:43:45	3.6992762253E+9	2.485990E-10	1.516913E+4	1.969747E+4	6.729235E+3	4.430614E+3	2.959032E+3	0.000000E+0	0.000000E+0	0.000000E+0	0.000000E+0	248.599042E-12	3.627315E+3	3.106185E+3	227.332612E+0	259.138495E+0	1.110557E+3	0.000000E+0	0.000000E+0	0.000000E+0	-Inf	0.000000	0.000000	0.000000	0.000000
2021-03-22 17:44:43	3.6992762836E+9	2.470948E-10	1.523192E+4	2.440635E+4	6.739757E+3	4.498400E+3	2.976056E+3	0.000000E+0	0.000000E+0	0.000000E+0	0.000000E+0	247.094831E-12	3.584861E+3	2.111174E+3	226.680674E+0	257.071138E+0	1.086276E+3	0.000000E+0	0.000000E+0	0.000000E+0	-Inf	0.000000	0.000000	0.000000	0.000000
2021-03-22 17:45:42	3.6992763422E+9	2.456700E-10	1.523398E+4	2.356520E+4	6.740760E+3	4.519199E+3	2.988106E+3	0.000000E+0	0.000000E+0	0.000000E+0	0.000000E+0	245.670016E-12	3.583480E+3	2.229181E+3	226.618717E+0	256.446426E+0	1.069571E+3	0.000000E+0	0.000000E+0	0.000000E+0	-Inf	0.000000	0.000000	0.000000	0.000000
2021-03-22 17:46:40	3.6992764004E+9	2.358643E-10	1.521593E+4	2.232530E+4	6.741398E+3	4.456203E+3	2.988103E+3	0.000000E+0	0.000000E+0	0.000000E+0	0.000000E+0	235.864260E-12	3.595570E+3	2.439889E+3	226.579278E+0	258.352383E+0	1.069581E+3	0.000000E+0	0.000000E+0	0.000000E+0	-Inf	0.000000	0.000000	0.000000	0.000000
2021-03-22 17:47:38	3.6992764590E+9	2.256181E-10	1.519193E+4	2.132533E+4	6.741390E+3	4.510043E+3	2.987806E+3	0.000000E+0	0.000000E+0	0.000000E+0	0.000000E+0	225.618146E-12	3.611780E+3	2.651098E+3	226.579795E+0	256.720894E+0	1.069986E+3	0.000000E+0	0.000000E+0	0.000000E+0	-Inf	0.000000	0.000000	0.000000	0.000000
2021-03-22 17:48:37	3.6992765175E+9	2.240077E-10	1.517261E+4	2.057573E+4	6.725829E+3	4.464995E+3	2.978395E+3	0.000000E+0	0.000000E+0	0.000000E+0	0.000000E+0	224.007651E-12	3.624933E+3	2.840692E+3	227.544392E+0	258.083912E+0	1.083008E+3	0.000000E+0	0.000000E+0	0.000000E+0	-Inf	0.000000	0.000000	0.000000	0.000000
2021-03-22 17:49:35	3.6992765756E+9	2.268491E-10	1.516011E+4	2.010717E+4	6.703077E+3	4.362245E+3	2.967770E+3	0.000000E+0	0.000000E+0	0.000000E+0	0.000000E+0	226.849112E-12	3.633499E+3	2.975821E+3	228.968197E+0	261.273733E+0	1.097992E+3	0.000000E+0	0.000000E+0	0.000000E+0	-Inf	0.000000	0.000000	0.000000	0.000000
2021-03-22 17:50:34	3.6992766340E+9	2.264437E-10	1.515602E+4	1.972119E+4	6.676644E+3	4.333874E+3	2.958143E+3	0.000000E+0	0.000000E+0	0.000000E+0	0.000000E+0	226.443711E-12	3.636310E+3	3.098297E+3	230.642680E+0	262.175027E+0	1.111848E+3	0.000000E+0	0.000000E+0	0.000000E+0	-Inf	25.000000	25.000000	25.000000	25.000000
2021-03-22 17:52:54	3.6992767741E+9	2.253973E-10	1.507664E+4	2.397096E+4	2.855136E+3	4.809498E+2	2.958143E+3	0.000000E+0	0.000000E+0	0.000000E+0	0.000000E+0	225.397330E-12	3.691772E+3	2.170063E+3	1.511441E+3	1.694294E+3	1.111848E+3	0.000000E+0	0.000000E+0	0.000000E+0	-Inf	25.000000	25.000000	25.000000	25.000000
2021-03-22 17:54:52	3.6992768922E+9	2.251771E-10	1.455113E+4	3.501245E+4	2.830777E+3	4.766394E+2	2.589535E+3	0.000000E+0	0.000000E+0	0.000000E+0	0.000000E+0	225.177065E-12	4.107997E+3	1.391038E+3	1.547745E+3	1.717947E+3	1.936755E+3	0.000000E+0	0.000000E+0	0.000000E+0	-Inf	25.000000	25.000000	25.000000	25.000000
2021-03-22 17:55:40	3.6992769408E+9	2.235683E-10	1.461740E+4	3.581316E+4	2.838020E+3	4.791885E+2	2.437794E+3	0.000000E+0	0.000000E+0	0.000000E+0	0.000000E+0	223.568278E-12	4.050235E+3	1.362198E+3	1.536789E+3	1.703879E+3	2.573189E+3	0.000000E+0	0.000000E+0	0.000000E+0	-Inf	25.000000	25.000000	25.000000	25.000000
2021-03-22 17:56:39	3.6992769992E+9	2.186707E-10	1.462833E+4	3.578163E+4	2.842232E+3	4.809834E+2	2.412291E+3	0.000000E+0	0.000000E+0	0.000000E+0	0.000000E+0	218.670698E-12	4.040869E+3	1.363304E+3	1.530480E+3	1.694112E+3	2.710069E+3	0.000000E+0	0.000000E+0	0.000000E+0	-Inf	25.000000	25.000000	25.000000	25.000000
2021-03-22 17:57:38	3.6992770583E+9	2.217207E-10	1.466769E+4	3.575677E+4	2.841435E+3	4.839364E+2	2.409747E+3	0.000000E+0	0.000000E+0	0.000000E+0	0.000000E+0	221.720703E-12	4.007514E+3	1.364177E+3	1.531671E+3	1.678287E+3	2.724306E+3	0.000000E+0	0.000000E+0	0.000000E+0	-Inf	25.000000	25.000000	25.000000	25.000000
2021-03-22 17:58:36	3.6992771165E+9	2.168169E-10	1.470776E+4	3.583932E+4	2.840155E+3	4.842599E+2	2.407252E+3	0.000000E+0	0.000000E+0	0.000000E+0	0.000000E+0	216.816903E-12	3.974131E+3	1.361282E+3	1.533585E+3	1.676571E+3	2.738377E+3	0.000000E+0	0.000000E+0	0.000000E+0	-Inf	25.000000	25.000000	25.000000	25.000000
