#

Date1	Date2	R0	R1	R2	R3	R4	R5	R6	R7	R8	R9	T0	T1	T2	T3	T4	T5	T6	T7	T8	T9	I0	I1	I2	I3
Date(String)	Date(Number)	C_still	3K	Still	MC - TT1810	MC - Cernox	50 mK				50K	C_still	3K	Still	MC - TT1810	MC - Cernox	50 mK				50K	Sorb3K	3K	Still	MC
		No Calibration	RuO2-10K-NEW	RuO2 10k	TT-1810	CernoxA - mk	RuO2 1k5	No Calibration	No Calibration	No Calibration	PT1000	No Calibration	RuO2-10K-NEW	RuO2 10k	TT-1810	CernoxA - mk	RuO2 1k5	No Calibration	No Calibration	No Calibration	PT1000				
2021-03-22 15:50:52	3.6992694521E+9	1.566588E-10	1.517862E+4	4.988876E+4	2.375394E+4	0.000000E+0	0.000000E+0	0.000000E+0	0.000000E+0	0.000000E+0	0.000000E+0	156.658771E-12	3.620830E+3	1.008327E+3	32.340844E+0	NaN	0.000000E+0	0.000000E+0	0.000000E+0	0.000000E+0	-Inf	0.000000	0.000000	0.000000	0.000000
2021-03-22 15:52:22	3.6992695422E+9	1.941080E-10	1.517826E+4	4.987758E+4	2.376222E+4	1.346372E+5	5.391105E+3	0.000000E+0	0.000000E+0	0.000000E+0	0.000000E+0	194.108045E-12	3.621078E+3	1.008537E+3	32.324710E+0	65.541287E+0	168.160728E+0	0.000000E+0	0.000000E+0	0.000000E+0	-Inf	0.000000	0.000000	0.000000	0.000000
2021-03-22 15:53:01	3.6992695811E+9	2.274325E-10	1.517645E+4	4.982148E+4	2.376117E+4	1.336681E+5	5.393673E+3	0.000000E+0	0.000000E+0	0.000000E+0	0.000000E+0	227.432461E-12	3.622315E+3	1.009588E+3	32.326758E+0	66.273825E+0	167.950256E+0	0.000000E+0	0.000000E+0	0.000000E+0	-Inf	0.000000	0.000000	0.000000	0.000000
2021-03-22 15:53:42	3.6992696223E+9	2.337439E-10	1.517665E+4	4.990054E+4	2.375678E+4	1.374179E+5	5.392573E+3	0.000000E+0	0.000000E+0	0.000000E+0	0.000000E+0	233.743936E-12	3.622175E+3	1.008107E+3	32.335302E+0	63.438660E+0	168.040176E+0	0.000000E+0	0.000000E+0	0.000000E+0	-Inf	0.000000	0.000000	0.000000	0.000000
2021-03-22 15:54:21	3.6992696611E+9	2.460591E-10	1.517737E+4	4.987799E+4	2.370575E+4	1.360493E+5	5.392426E+3	0.000000E+0	0.000000E+0	0.000000E+0	0.000000E+0	246.059147E-12	3.621686E+3	1.008529E+3	32.435022E+0	64.473465E+0	168.052677E+0	0.000000E+0	0.000000E+0	0.000000E+0	-Inf	0.000000	0.000000	0.000000	0.000000
2021-03-22 15:54:58	3.6992696981E+9	2.581343E-10	1.517631E+4	4.996720E+4	2.371919E+4	1.373892E+5	5.392324E+3	0.000000E+0	0.000000E+0	0.000000E+0	0.000000E+0	258.134253E-12	3.622406E+3	1.006862E+3	32.408725E+0	63.460338E+0	168.061049E+0	0.000000E+0	0.000000E+0	0.000000E+0	-Inf	0.000000	0.000000	0.000000	0.000000
2021-03-22 15:55:36	3.6992697368E+9	2.498826E-10	1.517752E+4	4.987755E+4	2.370699E+4	1.349921E+5	5.391514E+3	0.000000E+0	0.000000E+0	0.000000E+0	0.000000E+0	249.882645E-12	3.621580E+3	1.008537E+3	32.432601E+0	65.272891E+0	168.126562E+0	0.000000E+0	0.000000E+0	0.000000E+0	-Inf	0.000000	0.000000	0.000000	0.000000
2021-03-22 15:56:13	3.6992697739E+9	2.625041E-10	1.517882E+4	4.995058E+4	2.371313E+4	1.366519E+5	5.393679E+3	0.000000E+0	0.000000E+0	0.000000E+0	0.000000E+0	262.504084E-12	3.620694E+3	1.007172E+3	32.420574E+0	64.017760E+0	167.949421E+0	0.000000E+0	0.000000E+0	0.000000E+0	-Inf	0.000000	0.000000	0.000000	0.000000
2021-03-22 15:56:50	3.6992698105E+9	2.472457E-10	1.517689E+4	4.993510E+4	2.370920E+4	1.317288E+5	5.394052E+3	0.000000E+0	0.000000E+0	0.000000E+0	0.000000E+0	247.245673E-12	3.622013E+3	1.007461E+3	32.428278E+0	67.738169E+0	167.918093E+0	0.000000E+0	0.000000E+0	0.000000E+0	-Inf	0.000000	0.000000	0.000000	0.000000
2021-03-22 15:57:29	3.6992698495E+9	2.547707E-10	1.517620E+4	4.994955E+4	2.371372E+4	1.361416E+5	5.391735E+3	0.000000E+0	0.000000E+0	0.000000E+0	0.000000E+0	254.770745E-12	3.622483E+3	1.007191E+3	32.419412E+0	64.403620E+0	168.109321E+0	0.000000E+0	0.000000E+0	0.000000E+0	-Inf	0.000000	0.000000	0.000000	0.000000
2021-03-22 15:58:08	3.6992698887E+9	2.444480E-10	1.517905E+4	4.994270E+4	2.372866E+4	1.284478E+5	5.392955E+3	0.000000E+0	0.000000E+0	0.000000E+0	0.000000E+0	244.447979E-12	3.620543E+3	1.007319E+3	32.390207E+0	70.206038E+0	168.009587E+0	0.000000E+0	0.000000E+0	0.000000E+0	-Inf	0.000000	0.000000	0.000000	0.000000
2021-03-22 15:58:47	3.6992699273E+9	2.439884E-10	1.517895E+4	4.991529E+4	2.373113E+4	1.354820E+5	5.391901E+3	0.000000E+0	0.000000E+0	0.000000E+0	0.000000E+0	243.988400E-12	3.620609E+3	1.007831E+3	32.385372E+0	64.902429E+0	168.095928E+0	0.000000E+0	0.000000E+0	0.000000E+0	-Inf	0.000000	0.000000	0.000000	0.000000
2021-03-22 15:59:26	3.6992699664E+9	2.335381E-10	1.517685E+4	4.998228E+4	2.371367E+4	1.372373E+5	5.390201E+3	0.000000E+0	0.000000E+0	0.000000E+0	0.000000E+0	233.538112E-12	3.622039E+3	1.006580E+3	32.419523E+0	63.575208E+0	168.235353E+0	0.000000E+0	0.000000E+0	0.000000E+0	-Inf	0.000000	0.000000	0.000000	0.000000
2021-03-22 16:00:05	3.6992700055E+9	2.375004E-10	1.518014E+4	4.991572E+4	2.371667E+4	1.236198E+5	5.389678E+3	0.000000E+0	0.000000E+0	0.000000E+0	0.000000E+0	237.500378E-12	3.619795E+3	1.007823E+3	32.413642E+0	73.798329E+0	168.278732E+0	0.000000E+0	0.000000E+0	0.000000E+0	-Inf	0.000000	0.000000	0.000000	0.000000
2021-03-22 16:01:18	3.6992700783E+9	2.347065E-10	1.517899E+4	4.997213E+4	2.369890E+4	1.346925E+5	5.390253E+3	0.000000E+0	0.000000E+0	0.000000E+0	0.000000E+0	234.706517E-12	3.620576E+3	1.006770E+3	32.448442E+0	65.499458E+0	168.231197E+0	0.000000E+0	0.000000E+0	0.000000E+0	-Inf	0.000000	0.000000	0.000000	0.000000
2021-03-22 16:02:04	3.6992701249E+9	2.341149E-10	1.517766E+4	4.996024E+4	2.367654E+4	1.332232E+5	5.390638E+3	0.000000E+0	0.000000E+0	0.000000E+0	0.000000E+0	234.114929E-12	3.621486E+3	1.006991E+3	32.492305E+0	66.609999E+0	168.198720E+0	0.000000E+0	0.000000E+0	0.000000E+0	-Inf	0.000000	0.000000	0.000000	0.000000
2021-03-22 16:02:59	3.6992701794E+9	2.420789E-10	1.517459E+4	4.995390E+4	2.367959E+4	1.355214E+5	5.391832E+3	0.000000E+0	0.000000E+0	0.000000E+0	0.000000E+0	242.078891E-12	3.623581E+3	1.007110E+3	32.486316E+0	64.872649E+0	168.101142E+0	0.000000E+0	0.000000E+0	0.000000E+0	-Inf	0.000000	0.000000	0.000000	0.000000
2021-03-22 16:03:53	3.6992702338E+9	2.439487E-10	1.517153E+4	4.989767E+4	2.370391E+4	1.335116E+5	5.392608E+3	0.000000E+0	0.000000E+0	0.000000E+0	0.000000E+0	243.948658E-12	3.625672E+3	1.008161E+3	32.438636E+0	66.392107E+0	168.037028E+0	0.000000E+0	0.000000E+0	0.000000E+0	-Inf	0.000000	0.000000	0.000000	0.000000
2021-03-22 16:04:50	3.6992702901E+9	2.421262E-10	1.516803E+4	4.999693E+4	2.370347E+4	1.379566E+5	5.392503E+3	0.000000E+0	0.000000E+0	0.000000E+0	0.000000E+0	242.126214E-12	3.628070E+3	1.006307E+3	32.439500E+0	63.031571E+0	168.045089E+0	0.000000E+0	0.000000E+0	0.000000E+0	-Inf	0.000000	0.000000	0.000000	0.000000
2021-03-22 16:05:45	3.6992703456E+9	2.447044E-10	1.525072E+4	5.537688E+4	2.334301E+4	1.280184E+5	5.380357E+3	0.000000E+0	0.000000E+0	0.000000E+0	0.000000E+0	244.704374E-12	3.572346E+3	914.909953E+0	33.157244E+0	70.527695E+0	169.047481E+0	0.000000E+0	0.000000E+0	0.000000E+0	-Inf	0.000000	0.000000	0.000000	0.000000
2021-03-22 16:06:37	3.6992703976E+9	2.429312E-10	1.525524E+4	6.807542E+4	2.384461E+4	1.326831E+5	5.353576E+3	0.000000E+0	0.000000E+0	0.000000E+0	0.000000E+0	242.931190E-12	3.569349E+3	756.209599E+0	32.164729E+0	67.017964E+0	171.289591E+0	0.000000E+0	0.000000E+0	0.000000E+0	-Inf	0.000000	0.000000	0.000000	0.000000
2021-03-22 16:07:32	3.6992704521E+9	2.336372E-10	1.525689E+4	7.150306E+4	2.419385E+4	1.385181E+5	5.343198E+3	0.000000E+0	0.000000E+0	0.000000E+0	0.000000E+0	233.637193E-12	3.568252E+3	723.867038E+0	31.499105E+0	62.607321E+0	172.169992E+0	0.000000E+0	0.000000E+0	0.000000E+0	-Inf	0.000000	0.000000	0.000000	0.000000
2021-03-22 16:08:24	3.6992705043E+9	2.249262E-10	1.526311E+4	7.101951E+4	2.445855E+4	1.379175E+5	5.337626E+3	0.000000E+0	0.000000E+0	0.000000E+0	0.000000E+0	224.926196E-12	3.564145E+3	728.211880E+0	31.007418E+0	63.061073E+0	172.646612E+0	0.000000E+0	0.000000E+0	0.000000E+0	-Inf	0.000000	0.000000	0.000000	0.000000
2021-03-22 16:09:16	3.6992705567E+9	2.222002E-10	1.526052E+4	7.104782E+4	2.478596E+4	1.351353E+5	5.341959E+3	0.000000E+0	0.000000E+0	0.000000E+0	0.000000E+0	222.200213E-12	3.565855E+3	727.955616E+0	30.413507E+0	65.164619E+0	172.277439E+0	0.000000E+0	0.000000E+0	0.000000E+0	-Inf	0.000000	0.000000	0.000000	0.000000
2021-03-22 16:10:12	3.6992706127E+9	2.134147E-10	1.526542E+4	7.155765E+4	2.503184E+4	1.375908E+5	5.344712E+3	0.000000E+0	0.000000E+0	0.000000E+0	0.000000E+0	213.414718E-12	3.562617E+3	723.380812E+0	29.977196E+0	63.307961E+0	172.041838E+0	0.000000E+0	0.000000E+0	0.000000E+0	-Inf	0.000000	0.000000	0.000000	0.000000
2021-03-22 16:11:04	3.6992706649E+9	2.148039E-10	1.525965E+4	7.176435E+4	2.529304E+4	1.344740E+5	5.354886E+3	0.000000E+0	0.000000E+0	0.000000E+0	0.000000E+0	214.803924E-12	3.566428E+3	721.547497E+0	29.522251E+0	65.664682E+0	171.179066E+0	0.000000E+0	0.000000E+0	0.000000E+0	-Inf	0.000000	0.000000	0.000000	0.000000
2021-03-22 16:11:59	3.6992707195E+9	2.114039E-10	1.525956E+4	7.184717E+4	2.551575E+4	1.366005E+5	5.363297E+3	0.000000E+0	0.000000E+0	0.000000E+0	0.000000E+0	211.403864E-12	3.566487E+3	720.816473E+0	29.140949E+0	64.056647E+0	170.470617E+0	0.000000E+0	0.000000E+0	0.000000E+0	-Inf	0.000000	0.000000	0.000000	0.000000
2021-03-22 16:12:53	3.6992707740E+9	2.118193E-10	1.525906E+4	7.164534E+4	2.575964E+4	1.384488E+5	5.371204E+3	0.000000E+0	0.000000E+0	0.000000E+0	0.000000E+0	211.819251E-12	3.566820E+3	722.601574E+0	28.729941E+0	62.659668E+0	169.809917E+0	0.000000E+0	0.000000E+0	0.000000E+0	-Inf	0.000000	0.000000	0.000000	0.000000
2021-03-22 16:13:46	3.6992708261E+9	2.090880E-10	1.526637E+4	7.160732E+4	2.597309E+4	1.378003E+5	5.375917E+3	0.000000E+0	0.000000E+0	0.000000E+0	0.000000E+0	209.088033E-12	3.561990E+3	722.939169E+0	28.375571E+0	63.149628E+0	169.416190E+0	0.000000E+0	0.000000E+0	0.000000E+0	-Inf	0.000000	0.000000	0.000000	0.000000
2021-03-22 16:14:42	3.6992708824E+9	2.138183E-10	1.526292E+4	7.179789E+4	2.617286E+4	1.403901E+5	5.375866E+3	0.000000E+0	0.000000E+0	0.000000E+0	0.000000E+0	213.818270E-12	3.564270E+3	721.251258E+0	28.048185E+0	61.194893E+0	169.419690E+0	0.000000E+0	0.000000E+0	0.000000E+0	-Inf	0.000000	0.000000	0.000000	0.000000
2021-03-22 16:15:36	3.6992709369E+9	2.169184E-10	1.526355E+4	7.181236E+4	2.632837E+4	1.287540E+5	5.371061E+3	0.000000E+0	0.000000E+0	0.000000E+0	0.000000E+0	216.918417E-12	3.563853E+3	721.123491E+0	27.796054E+0	69.976367E+0	169.821302E+0	0.000000E+0	0.000000E+0	0.000000E+0	-Inf	0.000000	0.000000	0.000000	0.000000
2021-03-22 16:16:31	3.6992709917E+9	2.219996E-10	1.526504E+4	7.169467E+4	2.649088E+4	1.317599E+5	5.358095E+3	0.000000E+0	0.000000E+0	0.000000E+0	0.000000E+0	221.999640E-12	3.562869E+3	722.164207E+0	27.535035E+0	67.714712E+0	170.907122E+0	0.000000E+0	0.000000E+0	0.000000E+0	-Inf	0.000000	0.000000	0.000000	0.000000
2021-03-22 16:17:25	3.6992710458E+9	2.252716E-10	1.526961E+4	7.159377E+4	2.664393E+4	1.393601E+5	5.351680E+3	0.000000E+0	0.000000E+0	0.000000E+0	0.000000E+0	225.271617E-12	3.559860E+3	723.059547E+0	27.291418E+0	61.971620E+0	171.450542E+0	0.000000E+0	0.000000E+0	0.000000E+0	-Inf	0.000000	0.000000	0.000000	0.000000
2021-03-22 16:18:26	3.6992711061E+9	2.323903E-10	1.527083E+4	7.154319E+4	2.682018E+4	1.389085E+5	5.350270E+3	0.000000E+0	0.000000E+0	0.000000E+0	0.000000E+0	232.390297E-12	3.559055E+3	723.509537E+0	27.013395E+0	62.312510E+0	171.569601E+0	0.000000E+0	0.000000E+0	0.000000E+0	-Inf	0.000000	0.000000	0.000000	0.000000
2021-03-22 16:19:20	3.6992711605E+9	2.222363E-10	1.527306E+4	7.151126E+4	2.693171E+4	1.351413E+5	5.346946E+3	0.000000E+0	0.000000E+0	0.000000E+0	0.000000E+0	222.236289E-12	3.557584E+3	723.793936E+0	26.838827E+0	65.160069E+0	171.851284E+0	0.000000E+0	0.000000E+0	0.000000E+0	-Inf	0.000000	0.000000	0.000000	0.000000
2021-03-22 16:20:12	3.6992712129E+9	2.316964E-10	1.527236E+4	7.162765E+4	2.705425E+4	1.399009E+5	5.349100E+3	0.000000E+0	0.000000E+0	0.000000E+0	0.000000E+0	231.696421E-12	3.558044E+3	722.758537E+0	26.648171E+0	61.563691E+0	171.668904E+0	0.000000E+0	0.000000E+0	0.000000E+0	-Inf	0.000000	0.000000	0.000000	0.000000
2021-03-22 16:21:05	3.6992712653E+9	2.363198E-10	1.526741E+4	7.166892E+4	2.715453E+4	1.272191E+5	5.350383E+3	0.000000E+0	0.000000E+0	0.000000E+0	0.000000E+0	236.319762E-12	3.561303E+3	722.392412E+0	26.493050E+0	71.125566E+0	171.559971E+0	0.000000E+0	0.000000E+0	0.000000E+0	-Inf	0.000000	0.000000	0.000000	0.000000
2021-03-22 16:21:57	3.6992713177E+9	2.532325E-10	1.527340E+4	7.157808E+4	2.720929E+4	1.423320E+5	5.353038E+3	0.000000E+0	0.000000E+0	0.000000E+0	0.000000E+0	253.232489E-12	3.557363E+3	723.199046E+0	26.408665E+0	59.733700E+0	171.335433E+0	0.000000E+0	0.000000E+0	0.000000E+0	-Inf	0.000000	0.000000	0.000000	0.000000
2021-03-22 16:22:49	3.6992713699E+9	2.709174E-10	1.527159E+4	7.108833E+4	2.727667E+4	1.363203E+5	5.351593E+3	0.000000E+0	0.000000E+0	0.000000E+0	0.000000E+0	270.917383E-12	3.558556E+3	727.589245E+0	26.305147E+0	64.268511E+0	171.458354E+0	0.000000E+0	0.000000E+0	0.000000E+0	-Inf	0.000000	0.000000	0.000000	0.000000
2021-03-22 16:23:42	3.6992714221E+9	2.501658E-10	1.527204E+4	6.054610E+4	2.732432E+4	1.350625E+5	5.315367E+3	0.000000E+0	0.000000E+0	0.000000E+0	0.000000E+0	250.165824E-12	3.558258E+3	841.841802E+0	26.232141E+0	65.219673E+0	174.569378E+0	0.000000E+0	0.000000E+0	0.000000E+0	-Inf	0.000000	0.000000	0.000000	0.000000
2021-03-22 16:24:34	3.6992714747E+9	2.505366E-10	1.512027E+4	6.054610E+4	2.726431E+4	1.412198E+5	5.379032E+3	0.000000E+0	0.000000E+0	0.000000E+0	0.000000E+0	250.536605E-12	3.661072E+3	841.841802E+0	26.324099E+0	60.570000E+0	169.158104E+0	0.000000E+0	0.000000E+0	0.000000E+0	-Inf	0.000000	0.000000	0.000000	0.000000
2021-03-22 16:26:05	3.6992715657E+9	2.344204E-10	1.517327E+4	2.695041E+4	2.722407E+4	1.417833E+5	5.450914E+3	0.000000E+0	0.000000E+0	0.000000E+0	0.000000E+0	234.420437E-12	3.624487E+3	1.840146E+3	26.385921E+0	60.146025E+0	163.354891E+0	0.000000E+0	0.000000E+0	0.000000E+0	-Inf	0.000000	0.000000	0.000000	0.000000
2021-03-22 16:26:50	3.6992716103E+9	2.215579E-10	1.520760E+4	2.689995E+4	2.695265E+4	1.376611E+5	5.455006E+3	0.000000E+0	0.000000E+0	0.000000E+0	0.000000E+0	221.557892E-12	3.601182E+3	1.844551E+3	26.806157E+0	63.254833E+0	163.033873E+0	0.000000E+0	0.000000E+0	0.000000E+0	-Inf	0.000000	0.000000	0.000000	0.000000
2021-03-22 16:27:46	3.6992716663E+9	2.197955E-10	1.520906E+4	2.614987E+4	2.634179E+4	1.310258E+5	5.466421E+3	0.000000E+0	0.000000E+0	0.000000E+0	0.000000E+0	219.795512E-12	3.600194E+3	1.914072E+3	27.774407E+0	68.268150E+0	162.143089E+0	0.000000E+0	0.000000E+0	0.000000E+0	-Inf	0.000000	0.000000	0.000000	0.000000
2021-03-22 16:28:38	3.6992717187E+9	2.229774E-10	1.520789E+4	2.585484E+4	2.562337E+4	1.338737E+5	5.466866E+3	0.000000E+0	0.000000E+0	0.000000E+0	0.000000E+0	222.977432E-12	3.600985E+3	1.943663E+3	28.958768E+0	66.118456E+0	162.108366E+0	0.000000E+0	0.000000E+0	0.000000E+0	-Inf	0.000000	0.000000	0.000000	0.000000
2021-03-22 16:29:30	3.6992717710E+9	2.233905E-10	1.527164E+4	5.826948E+4	2.503065E+4	1.331053E+5	5.415018E+3	0.000000E+0	0.000000E+0	0.000000E+0	0.000000E+0	223.390520E-12	3.558519E+3	872.413051E+0	29.979277E+0	66.699085E+0	166.212819E+0	0.000000E+0	0.000000E+0	0.000000E+0	-Inf	0.000000	0.000000	0.000000	0.000000
2021-03-22 16:30:23	3.6992718233E+9	2.130515E-10	1.527106E+4	6.326989E+4	2.496006E+4	1.313670E+5	5.352754E+3	0.000000E+0	0.000000E+0	0.000000E+0	0.000000E+0	213.051493E-12	3.558900E+3	808.291055E+0	30.103731E+0	68.011016E+0	171.359308E+0	0.000000E+0	0.000000E+0	0.000000E+0	-Inf	0.000000	0.000000	0.000000	0.000000
2021-03-22 16:31:15	3.6992718756E+9	2.119919E-10	1.527078E+4	5.594313E+4	2.470862E+4	1.316847E+5	5.215039E+3	0.000000E+0	0.000000E+0	0.000000E+0	0.000000E+0	211.991905E-12	3.559085E+3	906.250889E+0	30.552430E+0	67.771435E+0	183.660129E+0	0.000000E+0	0.000000E+0	0.000000E+0	-Inf	0.000000	0.000000	0.000000	0.000000
2021-03-22 16:34:17	3.6992720577E+9	2.155758E-10	1.524607E+4	5.250416E+4	2.385964E+4	1.274160E+5	4.367746E+3	0.000000E+0	0.000000E+0	0.000000E+0	0.000000E+0	215.575755E-12	3.575428E+3	961.570149E+0	32.135659E+0	70.978405E+0	302.104875E+0	0.000000E+0	0.000000E+0	0.000000E+0	-Inf	0.000000	0.000000	0.000000	0.000000
2021-03-22 16:35:16	3.6992721161E+9	2.220359E-10	1.521909E+4	4.347918E+4	2.356002E+4	1.290302E+5	4.311155E+3	0.000000E+0	0.000000E+0	0.000000E+0	0.000000E+0	222.035928E-12	3.593452E+3	1.143415E+3	32.722308E+0	69.769115E+0	313.996249E+0	0.000000E+0	0.000000E+0	0.000000E+0	-Inf	0.000000	0.000000	0.000000	0.000000
2021-03-22 16:36:14	3.6992721746E+9	2.297311E-10	1.518783E+4	3.511517E+4	2.325518E+4	1.285488E+5	4.141344E+3	0.000000E+0	0.000000E+0	0.000000E+0	0.000000E+0	229.731077E-12	3.614566E+3	1.387247E+3	33.335793E+0	70.130280E+0	354.325044E+0	0.000000E+0	0.000000E+0	0.000000E+0	-Inf	0.000000	0.000000	0.000000	0.000000
2021-03-22 16:37:12	3.6992722329E+9	2.238936E-10	1.519861E+4	3.363374E+4	2.299475E+4	1.294716E+5	4.324038E+3	0.000000E+0	0.000000E+0	0.000000E+0	0.000000E+0	223.893619E-12	3.607257E+3	1.444854E+3	33.873990E+0	69.437665E+0	311.225631E+0	0.000000E+0	0.000000E+0	0.000000E+0	-Inf	0.000000	0.000000	0.000000	0.000000
2021-03-22 16:38:10	3.6992722910E+9	2.215382E-10	1.521698E+4	3.209184E+4	2.281132E+4	1.280685E+5	4.346486E+3	0.000000E+0	0.000000E+0	0.000000E+0	0.000000E+0	221.538243E-12	3.594864E+3	1.512762E+3	34.261290E+0	70.490188E+0	306.488686E+0	0.000000E+0	0.000000E+0	0.000000E+0	-Inf	0.000000	0.000000	0.000000	0.000000
2021-03-22 16:39:09	3.6992723493E+9	2.274040E-10	1.519056E+4	2.907766E+4	2.253066E+4	1.232426E+5	4.126813E+3	0.000000E+0	0.000000E+0	0.000000E+0	0.000000E+0	227.403952E-12	3.612708E+3	1.679757E+3	34.867760E+0	74.076205E+0	358.138059E+0	0.000000E+0	0.000000E+0	0.000000E+0	-Inf	0.000000	0.000000	0.000000	0.000000
2021-03-22 16:40:12	3.6992724122E+9	2.245791E-10	1.516832E+4	2.478082E+4	2.221857E+4	1.248605E+5	3.886015E+3	0.000000E+0	0.000000E+0	0.000000E+0	0.000000E+0	224.579073E-12	3.627871E+3	2.063943E+3	35.562899E+0	72.880953E+0	431.611244E+0	0.000000E+0	0.000000E+0	0.000000E+0	-Inf	0.000000	0.000000	0.000000	0.000000
2021-03-22 16:41:10	3.6992724702E+9	2.390995E-10	1.514380E+4	2.308728E+4	2.187918E+4	1.301483E+5	3.692553E+3	0.000000E+0	0.000000E+0	0.000000E+0	0.000000E+0	239.099513E-12	3.644740E+3	2.304641E+3	36.345371E+0	68.928885E+0	508.468233E+0	0.000000E+0	0.000000E+0	0.000000E+0	-Inf	0.000000	0.000000	0.000000	0.000000
2021-03-22 16:42:08	3.6992725285E+9	2.394997E-10	1.513099E+4	2.208297E+4	2.148765E+4	1.282873E+5	3.549355E+3	0.000000E+0	0.000000E+0	0.000000E+0	0.000000E+0	239.499674E-12	3.653614E+3	2.487254E+3	37.284883E+0	70.326292E+0	579.360147E+0	0.000000E+0	0.000000E+0	0.000000E+0	-Inf	0.000000	0.000000	0.000000	0.000000
2021-03-22 16:43:06	3.6992725869E+9	2.291668E-10	1.512620E+4	2.122575E+4	2.102433E+4	1.283908E+5	3.434250E+3	0.000000E+0	0.000000E+0	0.000000E+0	0.000000E+0	229.166825E-12	3.656943E+3	2.674588E+3	38.452034E+0	70.248761E+0	647.619012E+0	0.000000E+0	0.000000E+0	0.000000E+0	-Inf	0.000000	0.000000	0.000000	0.000000
2021-03-22 16:44:05	3.6992726450E+9	2.251143E-10	1.512337E+4	2.062927E+4	2.047460E+4	1.260049E+5	3.339736E+3	0.000000E+0	0.000000E+0	0.000000E+0	0.000000E+0	225.114270E-12	3.658911E+3	2.826118E+3	39.922444E+0	72.031013E+0	713.069597E+0	0.000000E+0	0.000000E+0	0.000000E+0	-Inf	0.000000	0.000000	0.000000	0.000000
2021-03-22 16:45:03	3.6992727038E+9	2.239091E-10	1.512305E+4	2.016560E+4	1.985518E+4	1.260180E+5	3.261938E+3	0.000000E+0	0.000000E+0	0.000000E+0	0.000000E+0	223.909085E-12	3.659135E+3	2.958192E+3	41.703593E+0	72.021261E+0	774.652996E+0	0.000000E+0	0.000000E+0	0.000000E+0	-Inf	0.000000	0.000000	0.000000	0.000000
2021-03-22 16:46:02	3.6992727623E+9	2.226517E-10	1.512218E+4	1.981601E+4	1.920939E+4	1.187908E+5	3.225554E+3	0.000000E+0	0.000000E+0	0.000000E+0	0.000000E+0	222.651704E-12	3.659741E+3	3.067206E+3	43.718962E+0	77.317093E+0	806.236468E+0	0.000000E+0	0.000000E+0	0.000000E+0	-Inf	0.000000	0.000000	0.000000	0.000000
2021-03-22 16:47:00	3.6992728206E+9	2.307780E-10	1.512948E+4	1.959641E+4	1.864677E+4	1.217874E+5	3.180380E+3	0.000000E+0	0.000000E+0	0.000000E+0	0.000000E+0	230.777992E-12	3.654665E+3	3.140265E+3	45.623801E+0	75.143986E+0	848.200247E+0	0.000000E+0	0.000000E+0	0.000000E+0	-Inf	0.000000	0.000000	0.000000	0.000000
2021-03-22 16:47:59	3.6992728792E+9	2.426058E-10	1.512988E+4	1.939330E+4	1.808753E+4	1.177212E+5	3.146940E+3	0.000000E+0	0.000000E+0	0.000000E+0	0.000000E+0	242.605822E-12	3.654382E+3	3.211241E+3	47.672084E+0	78.083359E+0	881.420371E+0	0.000000E+0	0.000000E+0	0.000000E+0	-Inf	0.000000	0.000000	0.000000	0.000000
2021-03-22 16:48:57	3.6992729374E+9	2.396518E-10	1.512907E+4	1.918018E+4	1.751910E+4	1.120206E+5	3.104544E+3	0.000000E+0	0.000000E+0	0.000000E+0	0.000000E+0	239.651766E-12	3.654945E+3	3.289460E+3	49.931544E+0	82.064984E+0	926.426838E+0	0.000000E+0	0.000000E+0	0.000000E+0	-Inf	0.000000	0.000000	0.000000	0.000000
2021-03-22 16:49:55	3.6992729956E+9	2.423386E-10	1.512475E+4	1.896642E+4	1.692697E+4	1.063863E+5	3.072425E+3	0.000000E+0	0.000000E+0	0.000000E+0	0.000000E+0	242.338634E-12	3.657955E+3	3.372031E+3	52.499445E+0	85.794304E+0	962.876639E+0	0.000000E+0	0.000000E+0	0.000000E+0	-Inf	0.000000	0.000000	0.000000	0.000000
2021-03-22 16:50:53	3.6992730539E+9	2.381090E-10	1.512624E+4	1.878716E+4	1.635356E+4	1.032900E+5	3.044196E+3	0.000000E+0	0.000000E+0	0.000000E+0	0.000000E+0	238.109031E-12	3.656912E+3	3.444663E+3	55.221520E+0	87.738595E+0	996.730200E+0	0.000000E+0	0.000000E+0	0.000000E+0	-Inf	0.000000	0.000000	0.000000	0.000000
2021-03-22 16:51:52	3.6992731124E+9	2.334644E-10	1.512751E+4	1.862502E+4	1.580396E+4	9.607044E+4	3.024882E+3	0.000000E+0	0.000000E+0	0.000000E+0	0.000000E+0	233.464422E-12	3.656028E+3	3.513187E+3	58.076317E+0	91.931340E+0	1.020941E+3	0.000000E+0	0.000000E+0	0.000000E+0	-Inf	0.000000	0.000000	0.000000	0.000000
2021-03-22 16:52:50	3.6992731706E+9	2.206483E-10	1.512567E+4	1.847219E+4	1.532942E+4	8.937166E+4	3.006752E+3	0.000000E+0	0.000000E+0	0.000000E+0	0.000000E+0	220.648306E-12	3.657308E+3	3.580369E+3	60.758879E+0	95.335771E+0	1.044489E+3	0.000000E+0	0.000000E+0	0.000000E+0	-Inf	0.000000	0.000000	0.000000	0.000000
2021-03-22 16:53:48	3.6992732287E+9	2.186302E-10	1.512519E+4	1.834119E+4	1.487237E+4	8.292769E+4	2.994129E+3	0.000000E+0	0.000000E+0	0.000000E+0	0.000000E+0	218.630187E-12	3.657644E+3	3.640064E+3	63.556009E+0	98.119583E+0	1.061372E+3	0.000000E+0	0.000000E+0	0.000000E+0	-Inf	0.000000	0.000000	0.000000	0.000000
2021-03-22 16:54:46	3.6992732870E+9	2.126225E-10	1.512282E+4	1.822898E+4	1.445670E+4	7.990214E+4	2.983409E+3	0.000000E+0	0.000000E+0	0.000000E+0	0.000000E+0	212.622484E-12	3.659299E+3	3.692816E+3	66.301871E+0	99.252466E+0	1.076038E+3	0.000000E+0	0.000000E+0	0.000000E+0	-Inf	0.000000	0.000000	0.000000	0.000000
2021-03-22 16:55:45	3.6992733452E+9	2.186581E-10	1.512428E+4	1.813438E+4	1.407508E+4	7.055838E+4	2.983436E+3	0.000000E+0	0.000000E+0	0.000000E+0	0.000000E+0	218.658118E-12	3.658277E+3	3.738493E+3	69.010290E+0	102.048715E+0	1.075999E+3	0.000000E+0	0.000000E+0	0.000000E+0	-Inf	0.000000	0.000000	0.000000	0.000000
2021-03-22 16:56:43	3.6992734036E+9	2.231186E-10	1.512404E+4	1.804296E+4	1.371562E+4	6.969601E+4	2.972163E+3	0.000000E+0	0.000000E+0	0.000000E+0	0.000000E+0	223.118594E-12	3.658447E+3	3.783720E+3	71.742451E+0	102.255301E+0	1.091753E+3	0.000000E+0	0.000000E+0	0.000000E+0	-Inf	0.000000	0.000000	0.000000	0.000000
2021-03-22 16:57:41	3.6992734618E+9	2.246345E-10	1.512214E+4	1.796521E+4	1.338193E+4	6.469951E+4	2.961299E+3	0.000000E+0	0.000000E+0	0.000000E+0	0.000000E+0	224.634467E-12	3.659771E+3	3.823049E+3	74.451081E+0	103.297418E+0	1.107277E+3	0.000000E+0	0.000000E+0	0.000000E+0	-Inf	0.000000	0.000000	0.000000	0.000000
2021-03-22 16:58:40	3.6992735202E+9	2.197509E-10	1.512131E+4	1.789542E+4	1.308058E+4	5.761372E+4	2.958284E+3	0.000000E+0	0.000000E+0	0.000000E+0	0.000000E+0	219.750880E-12	3.660350E+3	3.859047E+3	77.053145E+0	104.397749E+0	1.111649E+3	0.000000E+0	0.000000E+0	0.000000E+0	-Inf	0.000000	0.000000	0.000000	0.000000
2021-03-22 16:59:41	3.6992735813E+9	2.210801E-10	1.512046E+4	1.783168E+4	1.280475E+4	5.439771E+4	2.956861E+3	0.000000E+0	0.000000E+0	0.000000E+0	0.000000E+0	221.080107E-12	3.660941E+3	3.892519E+3	79.576006E+0	104.800257E+0	1.113709E+3	0.000000E+0	0.000000E+0	0.000000E+0	-Inf	0.000000	0.000000	0.000000	0.000000
2021-03-22 17:00:42	3.6992736421E+9	2.472590E-10	1.512421E+4	1.777055E+4	1.255892E+4	5.788982E+4	2.955733E+3	0.000000E+0	0.000000E+0	0.000000E+0	0.000000E+0	247.259038E-12	3.658326E+3	3.925167E+3	81.947502E+0	104.361172E+0	1.115356E+3	0.000000E+0	0.000000E+0	0.000000E+0	-Inf	0.000000	0.000000	0.000000	0.000000
2021-03-22 17:01:40	3.6992737004E+9	2.543436E-10	1.512321E+4	1.772279E+4	1.234240E+4	1.114992E+4	2.956188E+3	0.000000E+0	0.000000E+0	0.000000E+0	0.000000E+0	254.343576E-12	3.659023E+3	3.951045E+3	84.139551E+0	160.022249E+0	1.114700E+3	0.000000E+0	0.000000E+0	0.000000E+0	-Inf	0.000000	0.000000	0.000000	0.000000
2021-03-22 17:02:38	3.6992737587E+9	2.502243E-10	1.512636E+4	1.767679E+4	1.213873E+4	2.998410E+5	2.956528E+3	0.000000E+0	0.000000E+0	0.000000E+0	0.000000E+0	250.224281E-12	3.656830E+3	3.976293E+3	86.295886E+0	2.246245E+0	1.114197E+3	0.000000E+0	0.000000E+0	0.000000E+0	-Inf	0.000000	0.000000	0.000000	0.000000
2021-03-22 17:04:16	3.6992738562E+9	2.422945E-10	1.512783E+4	1.763258E+4	1.185122E+4	3.235786E+4	3.115551E+3	0.000000E+0	0.000000E+0	0.000000E+0	0.000000E+0	242.294527E-12	3.655812E+3	4.000861E+3	89.507892E+0	109.825326E+0	914.414159E+0	0.000000E+0	0.000000E+0	0.000000E+0	-Inf	0.000000	0.000000	0.000000	0.000000
2021-03-22 17:05:14	3.6992739144E+9	2.479359E-10	1.513530E+4	1.761603E+4	1.094281E+4	2.620171E+4	3.115551E+3	0.000000E+0	0.000000E+0	0.000000E+0	0.000000E+0	247.935882E-12	3.650623E+3	4.010135E+3	101.168035E+0	114.614446E+0	914.414159E+0	0.000000E+0	0.000000E+0	0.000000E+0	-Inf	0.000000	0.000000	0.000000	0.000000
2021-03-22 17:06:34	3.6992739946E+9	2.461754E-10	1.513315E+4	1.758918E+4	1.076622E+4	2.519213E+4	3.115551E+3	0.000000E+0	0.000000E+0	0.000000E+0	0.000000E+0	246.175414E-12	3.652113E+3	4.025268E+3	103.747317E+0	115.757379E+0	914.414159E+0	0.000000E+0	0.000000E+0	0.000000E+0	-Inf	0.000000	0.000000	0.000000	0.000000
2021-03-22 17:08:02	3.6992740823E+9	2.330889E-10	1.513639E+4	1.754131E+4	1.056665E+4	2.343217E+4	2.981631E+3	0.000000E+0	0.000000E+0	0.000000E+0	0.000000E+0	233.088903E-12	3.649864E+3	4.052529E+3	106.805241E+0	118.085273E+0	1.078497E+3	0.000000E+0	0.000000E+0	0.000000E+0	-Inf	0.000000	0.000000	0.000000	0.000000
2021-03-22 17:09:02	3.6992741428E+9	2.271780E-10	1.513829E+4	1.750573E+4	1.034422E+4	2.197681E+4	2.966747E+3	0.000000E+0	0.000000E+0	0.000000E+0	0.000000E+0	227.178005E-12	3.648549E+3	4.073030E+3	110.406461E+0	120.392711E+0	1.099448E+3	0.000000E+0	0.000000E+0	0.000000E+0	-Inf	0.000000	0.000000	0.000000	0.000000
2021-03-22 17:10:05	3.6992742053E+9	2.291262E-10	1.513536E+4	1.748549E+4	1.016916E+4	2.087876E+4	2.951689E+3	0.000000E+0	0.000000E+0	0.000000E+0	0.000000E+0	229.126226E-12	3.650583E+3	4.084779E+3	113.395664E+0	122.407741E+0	1.121283E+3	0.000000E+0	0.000000E+0	0.000000E+0	-Inf	0.000000	0.000000	0.000000	0.000000
2021-03-22 17:11:03	3.6992742636E+9	2.284401E-10	1.513489E+4	1.745810E+4	1.003008E+4	1.990821E+4	2.943123E+3	0.000000E+0	0.000000E+0	0.000000E+0	0.000000E+0	228.440062E-12	3.650910E+3	4.100786E+3	115.875320E+0	124.417308E+0	1.133996E+3	0.000000E+0	0.000000E+0	0.000000E+0	-Inf	0.000000	0.000000	0.000000	0.000000
2021-03-22 17:12:01	3.6992743219E+9	2.235907E-10	1.512995E+4	1.744220E+4	9.894552E+3	1.902759E+4	2.934837E+3	0.000000E+0	0.000000E+0	0.000000E+0	0.000000E+0	223.590692E-12	3.654338E+3	4.110136E+3	118.386355E+0	126.452456E+0	1.146512E+3	0.000000E+0	0.000000E+0	0.000000E+0	-Inf	0.000000	0.000000	0.000000	0.000000
2021-03-22 17:13:00	3.6992743803E+9	2.346518E-10	1.513176E+4	1.741658E+4	9.758938E+3	1.802120E+4	2.927010E+3	0.000000E+0	0.000000E+0	0.000000E+0	0.000000E+0	234.651788E-12	3.653079E+3	4.125291E+3	120.998491E+0	129.059973E+0	1.158517E+3	0.000000E+0	0.000000E+0	0.000000E+0	-Inf	0.000000	0.000000	0.000000	0.000000
2021-03-22 17:14:03	3.6992744439E+9	2.244420E-10	1.513535E+4	1.740245E+4	9.615905E+3	1.709388E+4	2.918969E+3	0.000000E+0	0.000000E+0	0.000000E+0	0.000000E+0	224.442023E-12	3.650585E+3	4.133695E+3	123.868010E+0	131.767292E+0	1.171058E+3	0.000000E+0	0.000000E+0	0.000000E+0	-Inf	0.000000	0.000000	0.000000	0.000000
2021-03-22 17:15:07	3.6992745078E+9	2.259189E-10	1.513731E+4	1.738589E+4	9.490310E+3	1.645577E+4	2.913806E+3	0.000000E+0	0.000000E+0	0.000000E+0	0.000000E+0	225.918869E-12	3.649225E+3	4.143587E+3	126.490552E+0	133.823062E+0	1.179218E+3	0.000000E+0	0.000000E+0	0.000000E+0	-Inf	0.000000	0.000000	0.000000	0.000000
2021-03-22 17:16:06	3.6992745660E+9	2.399068E-10	1.513930E+4	1.738427E+4	9.382638E+3	1.536542E+4	2.911261E+3	0.000000E+0	0.000000E+0	0.000000E+0	0.000000E+0	239.906767E-12	3.647851E+3	4.144554E+3	128.819930E+0	137.753383E+0	1.183269E+3	0.000000E+0	0.000000E+0	0.000000E+0	-Inf	0.000000	0.000000	0.000000	0.000000
2021-03-22 17:17:10	3.6992746304E+9	2.349562E-10	1.513810E+4	1.736964E+4	9.282605E+3	1.502950E+4	2.909450E+3	0.000000E+0	0.000000E+0	0.000000E+0	0.000000E+0	234.956220E-12	3.648682E+3	4.153339E+3	131.054650E+0	139.082821E+0	1.186170E+3	0.000000E+0	0.000000E+0	0.000000E+0	-Inf	0.000000	0.000000	0.000000	0.000000
2021-03-22 17:18:08	3.6992746888E+9	2.302726E-10	1.513901E+4	1.736284E+4	9.184795E+3	1.427235E+4	2.906918E+3	0.000000E+0	0.000000E+0	0.000000E+0	0.000000E+0	230.272605E-12	3.648052E+3	4.157429E+3	133.308654E+0	142.310379E+0	1.190240E+3	0.000000E+0	0.000000E+0	0.000000E+0	-Inf	0.000000	0.000000	0.000000	0.000000
2021-03-22 17:19:13	3.6992747532E+9	2.421954E-10	1.514176E+4	1.735363E+4	9.104288E+3	1.371961E+4	2.904774E+3	0.000000E+0	0.000000E+0	0.000000E+0	0.000000E+0	242.195365E-12	3.646148E+3	4.162989E+3	135.217370E+0	144.888839E+0	1.193697E+3	0.000000E+0	0.000000E+0	0.000000E+0	-Inf	0.000000	0.000000	0.000000	0.000000
2021-03-22 17:20:11	3.6992748114E+9	2.316613E-10	1.514006E+4	1.735599E+4	9.022730E+3	1.319448E+4	2.904747E+3	0.000000E+0	0.000000E+0	0.000000E+0	0.000000E+0	231.661295E-12	3.647326E+3	4.161564E+3	137.202349E+0	147.532141E+0	1.193743E+3	0.000000E+0	0.000000E+0	0.000000E+0	-Inf	0.000000	0.000000	0.000000	0.000000
2021-03-22 17:21:09	3.6992748697E+9	2.245022E-10	1.513951E+4	1.734682E+4	8.947653E+3	1.305279E+4	2.903960E+3	0.000000E+0	0.000000E+0	0.000000E+0	0.000000E+0	224.502199E-12	3.647706E+3	4.167106E+3	139.077034E+0	148.280213E+0	1.195020E+3	0.000000E+0	0.000000E+0	0.000000E+0	-Inf	0.000000	0.000000	0.000000	0.000000
2021-03-22 17:22:08	3.6992749283E+9	2.164260E-10	1.514113E+4	1.734426E+4	8.878476E+3	1.208431E+4	2.903035E+3	0.000000E+0	0.000000E+0	0.000000E+0	0.000000E+0	216.425972E-12	3.646586E+3	4.168659E+3	140.846162E+0	153.832559E+0	1.196519E+3	0.000000E+0	0.000000E+0	0.000000E+0	-Inf	0.000000	0.000000	0.000000	0.000000
2021-03-22 17:23:06	3.6992749867E+9	2.149182E-10	1.514147E+4	1.734129E+4	8.803735E+3	1.235020E+4	2.902949E+3	0.000000E+0	0.000000E+0	0.000000E+0	0.000000E+0	214.918201E-12	3.646349E+3	4.170456E+3	142.804319E+0	152.227608E+0	1.196660E+3	0.000000E+0	0.000000E+0	0.000000E+0	-Inf	0.000000	0.000000	0.000000	0.000000
2021-03-22 17:24:04	3.6992750448E+9	2.237098E-10	1.513760E+4	1.728370E+4	8.720730E+3	1.179274E+4	2.890770E+3	0.000000E+0	0.000000E+0	0.000000E+0	0.000000E+0	223.709795E-12	3.649026E+3	4.205662E+3	145.038062E+0	155.668678E+0	1.216708E+3	0.000000E+0	0.000000E+0	0.000000E+0	-Inf	0.000000	0.000000	0.000000	0.000000
2021-03-22 17:25:03	3.6992751037E+9	2.163028E-10	1.508827E+4	1.719525E+4	8.549534E+3	9.264957E+3	2.901888E+3	0.000000E+0	0.000000E+0	0.000000E+0	0.000000E+0	216.302824E-12	3.683533E+3	4.260865E+3	149.852791E+0	175.778398E+0	1.198381E+3	0.000000E+0	0.000000E+0	0.000000E+0	-Inf	0.000000	0.000000	0.000000	0.000000
2021-03-22 17:26:01	3.6992751618E+9	2.038147E-10	1.505576E+4	1.709500E+4	8.406919E+3	2.433489E+4	2.875462E+3	0.000000E+0	0.000000E+0	0.000000E+0	0.000000E+0	203.814712E-12	3.706648E+3	4.325155E+3	154.092566E+0	116.833949E+0	1.242623E+3	0.000000E+0	0.000000E+0	0.000000E+0	-Inf	0.000000	0.000000	0.000000	0.000000
2021-03-22 17:27:04	3.6992752247E+9	2.140854E-10	1.503991E+4	1.699740E+4	8.262121E+3	-1.019151E+5	2.866782E+3	0.000000E+0	0.000000E+0	0.000000E+0	0.000000E+0	214.085355E-12	3.718024E+3	4.389578E+3	158.628005E+0	NaN	1.257707E+3	0.000000E+0	0.000000E+0	0.000000E+0	-Inf	0.000000	0.000000	0.000000	0.000000
2021-03-22 17:28:34	3.6992753145E+9	2.103675E-10	1.501718E+4	1.686597E+4	8.049390E+3	8.599416E+3	2.861747E+3	0.000000E+0	0.000000E+0	0.000000E+0	0.000000E+0	210.367545E-12	3.734464E+3	4.479312E+3	165.753115E+0	182.708020E+0	1.266575E+3	0.000000E+0	0.000000E+0	0.000000E+0	-Inf	0.000000	0.000000	0.000000	0.000000
2021-03-22 17:29:33	3.6992753731E+9	1.982712E-10	1.501196E+4	1.682178E+4	7.850409E+3	7.711741E+3	2.869333E+3	0.000000E+0	0.000000E+0	0.000000E+0	0.000000E+0	198.271159E-12	3.738261E+3	4.510286E+3	172.969507E+0	193.433719E+0	1.253243E+3	0.000000E+0	0.000000E+0	0.000000E+0	-Inf	0.000000	0.000000	0.000000	0.000000
2021-03-22 17:30:31	3.6992754313E+9	1.961988E-10	1.500347E+4	1.679657E+4	7.604986E+3	6.843190E+3	2.861412E+3	0.000000E+0	0.000000E+0	0.000000E+0	0.000000E+0	196.198784E-12	3.744448E+3	4.528138E+3	182.703425E+0	206.007195E+0	1.267156E+3	0.000000E+0	0.000000E+0	0.000000E+0	-Inf	0.000000	0.000000	0.000000	0.000000
2021-03-22 17:31:29	3.6992754897E+9	2.003635E-10	1.500162E+4	1.678637E+4	7.333422E+3	5.973165E+3	2.878339E+3	0.000000E+0	0.000000E+0	0.000000E+0	0.000000E+0	200.363489E-12	3.745804E+3	4.535401E+3	194.710512E+0	221.349671E+0	1.237680E+3	0.000000E+0	0.000000E+0	0.000000E+0	-Inf	0.000000	0.000000	0.000000	0.000000
2021-03-22 17:32:27	3.6992755480E+9	2.033144E-10	1.499606E+4	3.950846E+4	7.296732E+3	5.925661E+3	3.010230E+3	0.000000E+0	0.000000E+0	0.000000E+0	0.000000E+0	203.314386E-12	3.749872E+3	1.246192E+3	196.444094E+0	222.285256E+0	1.039911E+3	0.000000E+0	0.000000E+0	0.000000E+0	-Inf	0.000000	0.000000	0.000000	0.000000
2021-03-22 17:33:26	3.6992756064E+9	2.031942E-10	1.519344E+4	4.467210E+4	7.142432E+3	5.424002E+3	3.010230E+3	0.000000E+0	0.000000E+0	0.000000E+0	0.000000E+0	203.194231E-12	3.610754E+3	1.115750E+3	204.053825E+0	232.913583E+0	1.039911E+3	0.000000E+0	0.000000E+0	0.000000E+0	-Inf	0.000000	0.000000	0.000000	0.000000
2021-03-22 17:34:53	3.6992756940E+9	2.052855E-10	1.522876E+4	2.720671E+4	7.096950E+3	5.376533E+3	2.993282E+3	0.000000E+0	0.000000E+0	0.000000E+0	0.000000E+0	205.285526E-12	3.586971E+3	1.818258E+3	206.400433E+0	233.996518E+0	1.062526E+3	0.000000E+0	0.000000E+0	0.000000E+0	-Inf	0.000000	0.000000	0.000000	0.000000
2021-03-22 17:35:52	3.6992757524E+9	2.088966E-10	1.519301E+4	2.233731E+4	7.042921E+3	5.253596E+3	2.988191E+3	0.000000E+0	0.000000E+0	0.000000E+0	0.000000E+0	208.896633E-12	3.611045E+3	2.437598E+3	209.252621E+0	236.869840E+0	1.069458E+3	0.000000E+0	0.000000E+0	0.000000E+0	-Inf	0.000000	0.000000	0.000000	0.000000
2021-03-22 17:36:54	3.6992758145E+9	2.165696E-10	1.516695E+4	2.103303E+4	7.005910E+3	5.108940E+3	2.978749E+3	0.000000E+0	0.000000E+0	0.000000E+0	0.000000E+0	216.569613E-12	3.628805E+3	2.721463E+3	211.248192E+0	240.384319E+0	1.082505E+3	0.000000E+0	0.000000E+0	0.000000E+0	-Inf	0.000000	0.000000	0.000000	0.000000
2021-03-22 17:38:00	3.6992758808E+9	2.280521E-10	1.515237E+4	2.024093E+4	6.977612E+3	5.055494E+3	2.969537E+3	0.000000E+0	0.000000E+0	0.000000E+0	0.000000E+0	228.052083E-12	3.638826E+3	2.935804E+3	212.797441E+0	241.721288E+0	1.095477E+3	0.000000E+0	0.000000E+0	0.000000E+0	-Inf	0.000000	0.000000	0.000000	0.000000
2021-03-22 17:38:59	3.6992759391E+9	2.293983E-10	1.514696E+4	1.977818E+4	6.953268E+3	5.028533E+3	2.962112E+3	0.000000E+0	0.000000E+0	0.000000E+0	0.000000E+0	229.398309E-12	3.642554E+3	3.079528E+3	214.146815E+0	242.403916E+0	1.106104E+3	0.000000E+0	0.000000E+0	0.000000E+0	-Inf	0.000000	0.000000	0.000000	0.000000
2021-03-22 17:39:57	3.6992759975E+9	2.382160E-10	1.514430E+4	1.943806E+4	6.925416E+3	4.900453E+3	2.956332E+3	0.000000E+0	0.000000E+0	0.000000E+0	0.000000E+0	238.215991E-12	3.644392E+3	3.195307E+3	215.709900E+0	245.724458E+0	1.114486E+3	0.000000E+0	0.000000E+0	0.000000E+0	-Inf	0.000000	0.000000	0.000000	0.000000
2021-03-22 17:40:55	3.6992760559E+9	2.421541E-10	1.514445E+4	1.917493E+4	6.903261E+3	4.903654E+3	2.952139E+3	0.000000E+0	0.000000E+0	0.000000E+0	0.000000E+0	242.154063E-12	3.644289E+3	3.291437E+3	216.968080E+0	245.639877E+0	1.120626E+3	0.000000E+0	0.000000E+0	0.000000E+0	-Inf	0.000000	0.000000	0.000000	0.000000
2021-03-22 17:41:54	3.6992761143E+9	2.398429E-10	1.514617E+4	1.922913E+4	6.798278E+3	4.572493E+3	2.952139E+3	0.000000E+0	0.000000E+0	0.000000E+0	0.000000E+0	239.842859E-12	3.643104E+3	3.271142E+3	223.115392E+0	254.865636E+0	1.120626E+3	0.000000E+0	0.000000E+0	0.000000E+0	-Inf	0.000000	0.000000	0.000000	0.000000
2021-03-22 17:43:21	3.6992762019E+9	2.393107E-10	1.516913E+4	1.969747E+4	6.753646E+3	4.516955E+3	2.959032E+3	0.000000E+0	0.000000E+0	0.000000E+0	0.000000E+0	239.310727E-12	3.627315E+3	3.106185E+3	225.825264E+0	256.513615E+0	1.110557E+3	0.000000E+0	0.000000E+0	0.000000E+0	-Inf	0.000000	0.000000	0.000000	0.000000
2021-03-22 17:44:20	3.6992762602E+9	2.485990E-10	1.523192E+4	2.440635E+4	6.737135E+3	4.469449E+3	2.976056E+3	0.000000E+0	0.000000E+0	0.000000E+0	0.000000E+0	248.599042E-12	3.584861E+3	2.111174E+3	226.842791E+0	257.948187E+0	1.086276E+3	0.000000E+0	0.000000E+0	0.000000E+0	-Inf	0.000000	0.000000	0.000000	0.000000
2021-03-22 17:45:22	3.6992763223E+9	2.470948E-10	1.523398E+4	2.356520E+4	6.740760E+3	4.486406E+3	2.988106E+3	0.000000E+0	0.000000E+0	0.000000E+0	0.000000E+0	247.094831E-12	3.583480E+3	2.229181E+3	226.618717E+0	257.433442E+0	1.069571E+3	0.000000E+0	0.000000E+0	0.000000E+0	-Inf	0.000000	0.000000	0.000000	0.000000
2021-03-22 17:46:26	3.6992763868E+9	2.456700E-10	1.521593E+4	2.232530E+4	6.741398E+3	4.456203E+3	2.988103E+3	0.000000E+0	0.000000E+0	0.000000E+0	0.000000E+0	245.670016E-12	3.595570E+3	2.439889E+3	226.579278E+0	258.352383E+0	1.069581E+3	0.000000E+0	0.000000E+0	0.000000E+0	-Inf	0.000000	0.000000	0.000000	0.000000
2021-03-22 17:47:25	3.6992764452E+9	2.358643E-10	1.519193E+4	2.132533E+4	6.741390E+3	4.510043E+3	2.987806E+3	0.000000E+0	0.000000E+0	0.000000E+0	0.000000E+0	235.864260E-12	3.611780E+3	2.651098E+3	226.579795E+0	256.720894E+0	1.069986E+3	0.000000E+0	0.000000E+0	0.000000E+0	-Inf	0.000000	0.000000	0.000000	0.000000
2021-03-22 17:48:23	3.6992765037E+9	2.256181E-10	1.517261E+4	2.057573E+4	6.725829E+3	4.464995E+3	2.978395E+3	0.000000E+0	0.000000E+0	0.000000E+0	0.000000E+0	225.618146E-12	3.624933E+3	2.840692E+3	227.544392E+0	258.083912E+0	1.083008E+3	0.000000E+0	0.000000E+0	0.000000E+0	-Inf	0.000000	0.000000	0.000000	0.000000
2021-03-22 17:49:22	3.6992765620E+9	2.240077E-10	1.516011E+4	2.010717E+4	6.703077E+3	4.362245E+3	2.967770E+3	0.000000E+0	0.000000E+0	0.000000E+0	0.000000E+0	224.007651E-12	3.633499E+3	2.975821E+3	228.968197E+0	261.273733E+0	1.097992E+3	0.000000E+0	0.000000E+0	0.000000E+0	-Inf	0.000000	0.000000	0.000000	0.000000
2021-03-22 17:50:20	3.6992766202E+9	2.268491E-10	1.515602E+4	1.972119E+4	6.676644E+3	4.333874E+3	2.958143E+3	0.000000E+0	0.000000E+0	0.000000E+0	0.000000E+0	226.849112E-12	3.636310E+3	3.098297E+3	230.642680E+0	262.175027E+0	1.111848E+3	0.000000E+0	0.000000E+0	0.000000E+0	-Inf	25.000000	25.000000	0.000000	0.000000
2021-03-22 17:52:39	3.6992767600E+9	2.264437E-10	1.507664E+4	2.397096E+4	2.855136E+3	4.809498E+2	2.958143E+3	0.000000E+0	0.000000E+0	0.000000E+0	0.000000E+0	226.443711E-12	3.691772E+3	2.170063E+3	1.511441E+3	1.694294E+3	1.111848E+3	0.000000E+0	0.000000E+0	0.000000E+0	-Inf	25.000000	25.000000	25.000000	25.000000
2021-03-22 17:54:28	3.6992768688E+9	2.253973E-10	1.455113E+4	3.501245E+4	2.832378E+3	4.732621E+2	2.589535E+3	0.000000E+0	0.000000E+0	0.000000E+0	0.000000E+0	225.397330E-12	4.107997E+3	1.391038E+3	1.545311E+3	1.736951E+3	1.936755E+3	0.000000E+0	0.000000E+0	0.000000E+0	-Inf	25.000000	25.000000	25.000000	25.000000
2021-03-22 17:55:17	3.6992769175E+9	2.251771E-10	1.461740E+4	3.581316E+4	2.832914E+3	4.772327E+2	2.437794E+3	0.000000E+0	0.000000E+0	0.000000E+0	0.000000E+0	225.177065E-12	4.050235E+3	1.362198E+3	1.544498E+3	1.714652E+3	2.573189E+3	0.000000E+0	0.000000E+0	0.000000E+0	-Inf	25.000000	25.000000	25.000000	25.000000
2021-03-22 17:56:21	3.6992769817E+9	2.235683E-10	1.462833E+4	3.578163E+4	2.839870E+3	4.809834E+2	2.412291E+3	0.000000E+0	0.000000E+0	0.000000E+0	0.000000E+0	223.568278E-12	4.040869E+3	1.363304E+3	1.534011E+3	1.694112E+3	2.710069E+3	0.000000E+0	0.000000E+0	0.000000E+0	-Inf	25.000000	25.000000	25.000000	25.000000
2021-03-22 17:57:24	3.6992770445E+9	2.186707E-10	1.466769E+4	3.575677E+4	2.841435E+3	4.839364E+2	2.409747E+3	0.000000E+0	0.000000E+0	0.000000E+0	0.000000E+0	218.670698E-12	4.007514E+3	1.364177E+3	1.531671E+3	1.678287E+3	2.724306E+3	0.000000E+0	0.000000E+0	0.000000E+0	-Inf	25.000000	25.000000	25.000000	25.000000
2021-03-22 17:58:22	3.6992771027E+9	2.217207E-10	1.470776E+4	3.583932E+4	2.840155E+3	4.842599E+2	2.407252E+3	0.000000E+0	0.000000E+0	0.000000E+0	0.000000E+0	221.720703E-12	3.974131E+3	1.361282E+3	1.533585E+3	1.676571E+3	2.738377E+3	0.000000E+0	0.000000E+0	0.000000E+0	-Inf	25.000000	25.000000	25.000000	25.000000
2021-03-22 17:59:33	3.6992771738E+9	2.168169E-10	1.474591E+4	3.588501E+4	2.844829E+3	4.814215E+2	2.409377E+3	0.000000E+0	0.000000E+0	0.000000E+0	0.000000E+0	216.816903E-12	3.942874E+3	1.359686E+3	1.526614E+3	1.691745E+3	2.726402E+3	0.000000E+0	0.000000E+0	0.000000E+0	-Inf	25.000000	25.000000	25.000000	25.000000
2021-03-22 18:00:49	3.6992772493E+9	2.168169E-10	1.478021E+4	3.596434E+4	2.848530E+3	4.830199E+2	2.413895E+3	0.000000E+0	0.000000E+0	0.000000E+0	1.132480E+2	216.816903E-12	3.915210E+3	1.356928E+3	1.521134E+3	1.683166E+3	2.701162E+3	0.000000E+0	0.000000E+0	0.000000E+0	55.168669E+3	25.000000	25.000000	25.000000	25.000000
2021-03-22 18:01:39	3.6992772993E+9	2.168169E-10	1.481554E+4	3.598207E+4	2.849776E+3	4.881565E+2	2.417785E+3	0.000000E+0	0.000000E+0	0.000000E+0	1.129700E+2	216.816903E-12	3.887122E+3	1.356313E+3	1.519298E+3	1.656184E+3	2.679710E+3	0.000000E+0	0.000000E+0	0.000000E+0	55.098350E+3	25.000000	25.000000	25.000000	25.000000
2021-03-22 18:02:32	3.6992773520E+9	2.168169E-10	1.484555E+4	3.600984E+4	2.845260E+3	4.852008E+2	2.419760E+3	0.000000E+0	0.000000E+0	0.000000E+0	1.126780E+2	216.816903E-12	3.863593E+3	1.355352E+3	1.525974E+3	1.671602E+3	2.668910E+3	0.000000E+0	0.000000E+0	0.000000E+0	55.024516E+3	25.000000	25.000000	25.000000	25.000000
2021-03-22 18:03:25	3.6992774051E+9	2.168169E-10	1.486562E+4	3.607042E+4	2.835851E+3	4.782875E+2	2.420827E+3	0.000000E+0	0.000000E+0	0.000000E+0	1.123856E+2	216.816903E-12	3.848023E+3	1.353261E+3	1.540054E+3	1.708825E+3	2.663097E+3	0.000000E+0	0.000000E+0	0.000000E+0	54.950546E+3	25.000000	25.000000	25.000000	25.000000
2021-03-22 18:04:17	3.6992774577E+9	2.168169E-10	1.488865E+4	3.613090E+4	2.828328E+3	4.791031E+2	2.421844E+3	0.000000E+0	0.000000E+0	0.000000E+0	1.120748E+2	216.816903E-12	3.830308E+3	1.351182E+3	1.551481E+3	1.704347E+3	2.657586E+3	0.000000E+0	0.000000E+0	0.000000E+0	54.871897E+3	25.000000	25.000000	25.000000	25.000000
2021-03-22 18:05:10	3.6992775107E+9	2.168169E-10	1.490529E+4	3.621757E+4	2.830632E+3	4.770100E+2	2.421824E+3	0.000000E+0	0.000000E+0	0.000000E+0	1.117382E+2	216.816903E-12	3.817614E+3	1.348217E+3	1.547965E+3	1.715888E+3	2.657699E+3	0.000000E+0	0.000000E+0	0.000000E+0	54.786699E+3	25.000000	25.000000	25.000000	25.000000
2021-03-22 18:06:03	3.6992775635E+9	2.168169E-10	1.491849E+4	3.629980E+4	2.824951E+3	4.751955E+2	2.422506E+3	0.000000E+0	0.000000E+0	0.000000E+0	1.114396E+2	216.816903E-12	3.807608E+3	1.345418E+3	1.556660E+3	1.726021E+3	2.654003E+3	0.000000E+0	0.000000E+0	0.000000E+0	54.711125E+3	25.000000	25.000000	25.000000	25.000000
2021-03-22 18:06:56	3.6992776164E+9	2.168169E-10	1.493498E+4	3.627851E+4	2.821044E+3	4.742278E+2	2.423720E+3	0.000000E+0	0.000000E+0	0.000000E+0	1.111394E+2	216.816903E-12	3.795186E+3	1.346141E+3	1.562690E+3	1.731474E+3	2.647449E+3	0.000000E+0	0.000000E+0	0.000000E+0	54.635101E+3	25.000000	25.000000	25.000000	25.000000
2021-03-22 18:07:49	3.6992776691E+9	2.168169E-10	1.494558E+4	3.669172E+4	2.812558E+3	4.740155E+2	2.402368E+3	0.000000E+0	0.000000E+0	0.000000E+0	1.108159E+2	216.816903E-12	3.787238E+3	1.332282E+3	1.575932E+3	1.732675E+3	2.766214E+3	0.000000E+0	0.000000E+0	0.000000E+0	54.553181E+3	25.000000	25.000000	25.000000	25.000000
2021-03-22 18:08:42	3.6992777220E+9	2.168169E-10	1.491939E+4	3.670489E+4	2.794448E+3	4.662640E+2	2.394454E+3	0.000000E+0	0.000000E+0	0.000000E+0	1.105277E+2	216.816903E-12	3.806926E+3	1.331846E+3	1.604876E+3	1.777704E+3	2.812202E+3	0.000000E+0	0.000000E+0	0.000000E+0	54.480185E+3	25.000000	25.000000	25.000000	25.000000
2021-03-22 18:09:34	3.6992777747E+9	2.168169E-10	1.491838E+4	2.324611E+4	2.783817E+3	4.625572E+2	2.388410E+3	0.000000E+0	0.000000E+0	0.000000E+0	1.102453E+2	216.816903E-12	3.807692E+3	2.278821E+3	1.622317E+3	1.800075E+3	2.848079E+3	0.000000E+0	0.000000E+0	0.000000E+0	54.408625E+3	25.000000	25.000000	25.000000	25.000000
2021-03-22 18:10:27	3.6992778279E+9	2.168169E-10	1.493568E+4	1.967804E+4	2.785818E+3	4.675593E+2	2.375985E+3	0.000000E+0	0.000000E+0	0.000000E+0	1.099750E+2	216.816903E-12	3.794655E+3	3.112673E+3	1.619008E+3	1.770017E+3	2.923935E+3	0.000000E+0	0.000000E+0	0.000000E+0	54.340119E+3	25.000000	25.000000	25.000000	25.000000
2021-03-22 18:11:20	3.6992778807E+9	2.168169E-10	1.489972E+4	1.708098E+4	2.762524E+3	4.579583E+2	2.329221E+3	0.000000E+0	0.000000E+0	0.000000E+0	1.097166E+2	216.816903E-12	3.821854E+3	4.334298E+3	1.658298E+3	1.828622E+3	3.237048E+3	0.000000E+0	0.000000E+0	0.000000E+0	54.274635E+3	25.000000	25.000000	25.000000	25.000000
2021-03-22 18:12:13	3.6992779338E+9	2.168169E-10	1.283330E+4	1.809787E+4	2.641019E+3	4.185276E+2	2.216378E+3	0.000000E+0	0.000000E+0	0.000000E+0	1.111376E+2	216.816903E-12	6.560413E+3	3.756425E+3	1.894829E+3	2.115493E+3	4.215147E+3	0.000000E+0	0.000000E+0	0.000000E+0	54.634652E+3	25.000000	25.000000	25.000000	25.000000
2021-03-22 18:13:06	3.6992779864E+9	2.168169E-10	1.298998E+4	1.763600E+4	2.617756E+3	4.107975E+2	2.215721E+3	0.000000E+0	0.000000E+0	0.000000E+0	1.139067E+2	216.816903E-12	6.220318E+3	3.998952E+3	1.947292E+3	2.182231E+3	4.221956E+3	0.000000E+0	0.000000E+0	0.000000E+0	55.335177E+3	25.000000	25.000000	25.000000	25.000000
2021-03-22 18:13:59	3.6992780392E+9	2.168169E-10	1.292929E+4	1.736136E+4	2.601679E+3	4.010154E+2	2.204553E+3	0.000000E+0	0.000000E+0	0.000000E+0	1.164852E+2	216.816903E-12	6.347841E+3	4.158325E+3	1.985139E+3	2.272659E+3	4.339942E+3	0.000000E+0	0.000000E+0	0.000000E+0	55.986358E+3	25.000000	25.000000	25.000000	25.000000
2021-03-22 18:14:51	3.6992780919E+9	2.168169E-10	1.285821E+4	1.721569E+4	2.581718E+3	3.963591E+2	2.205558E+3	0.000000E+0	0.000000E+0	0.000000E+0	1.189255E+2	216.816903E-12	6.503927E+3	4.247983E+3	2.034065E+3	2.318240E+3	4.329159E+3	0.000000E+0	0.000000E+0	0.000000E+0	56.601731E+3	25.000000	25.000000	25.000000	25.000000
2021-03-22 18:15:45	3.6992781450E+9	2.168169E-10	1.279793E+4	1.819462E+4	2.579980E+3	3.931963E+2	2.202992E+3	0.000000E+0	0.000000E+0	0.000000E+0	1.212402E+2	216.816903E-12	6.642300E+3	3.709274E+3	2.038432E+3	2.350197E+3	4.356777E+3	0.000000E+0	0.000000E+0	0.000000E+0	57.184736E+3	25.000000	25.000000	25.000000	25.000000
2021-03-22 18:16:38	3.6992781980E+9	2.168169E-10	1.273416E+4	1.827204E+4	2.567438E+3	3.914186E+2	2.184350E+3	0.000000E+0	0.000000E+0	0.000000E+0	1.234736E+2	216.816903E-12	6.795093E+3	3.672390E+3	2.070458E+3	2.368525E+3	4.564687E+3	0.000000E+0	0.000000E+0	0.000000E+0	57.746609E+3	25.000000	25.000000	25.000000	25.000000
2021-03-22 18:17:31	3.6992782511E+9	2.168169E-10	1.265868E+4	1.502039E+4	2.388882E+3	3.497987E+2	2.149293E+3	0.000000E+0	0.000000E+0	0.000000E+0	1.256749E+2	216.816903E-12	6.985024E+3	6.248100E+3	2.653352E+3	2.888206E+3	4.991763E+3	0.000000E+0	0.000000E+0	0.000000E+0	58.299859E+3	25.000000	25.000000	25.000000	25.000000
2021-03-22 18:18:24	3.6992783041E+9	2.168169E-10	1.254674E+4	1.358292E+4	2.104335E+3	2.541828E+2	2.085705E+3	0.000000E+0	0.000000E+0	0.000000E+0	1.278277E+2	216.816903E-12	7.286331E+3	8.926180E+3	4.590711E+3	5.368038E+3	5.902051E+3	0.000000E+0	0.000000E+0	0.000000E+0	58.840378E+3	25.000000	25.000000	25.000000	25.000000
2021-03-22 18:19:16	3.6992783566E+9	2.168169E-10	1.243822E+4	1.351609E+4	2.048392E+3	2.328740E+2	2.072210E+3	0.000000E+0	0.000000E+0	0.000000E+0	1.299999E+2	216.816903E-12	7.603211E+3	9.105816E+3	5.291923E+3	6.447573E+3	6.120112E+3	0.000000E+0	0.000000E+0	0.000000E+0	59.385264E+3	25.000000	25.000000	25.000000	25.000000
2021-03-22 18:20:09	3.6992784096E+9	2.168169E-10	1.234668E+4	1.319103E+4	2.022205E+3	2.257777E+2	2.046423E+3	0.000000E+0	0.000000E+0	0.000000E+0	1.322101E+2	216.816903E-12	7.891584E+3	10.090743E+3	5.686272E+3	6.887341E+3	6.562872E+3	0.000000E+0	0.000000E+0	0.000000E+0	59.939115E+3	25.000000	25.000000	25.000000	25.000000
2021-03-22 18:21:02	3.6992784625E+9	2.168169E-10	1.226332E+4	1.306624E+4	1.987491E+3	2.169565E+2	2.028119E+3	0.000000E+0	0.000000E+0	0.000000E+0	1.343954E+2	216.816903E-12	8.172685E+3	10.526134E+3	6.291424E+3	7.504787E+3	6.898688E+3	0.000000E+0	0.000000E+0	0.000000E+0	60.486232E+3	25.000000	25.000000	25.000000	25.000000
2021-03-22 18:21:55	3.6992785150E+9	2.168169E-10	1.218776E+4	1.293186E+4	1.971588E+3	2.083867E+2	2.006674E+3	0.000000E+0	0.000000E+0	0.000000E+0	1.365413E+2	216.816903E-12	8.444162E+3	11.037647E+3	6.605597E+3	8.193388E+3	7.315368E+3	0.000000E+0	0.000000E+0	0.000000E+0	61.022956E+3	25.000000	25.000000	25.000000	25.000000
2021-03-22 18:22:58	3.6992785788E+9	2.168169E-10	1.210336E+4	1.256336E+4	1.946923E+3	2.018999E+2	1.973903E+3	0.000000E+0	0.000000E+0	0.000000E+0	1.392540E+2	216.816903E-12	8.767863E+3	12.721266E+3	7.147101E+3	8.783355E+3	8.000878E+3	0.000000E+0	0.000000E+0	0.000000E+0	61.700692E+3	25.000000	25.000000	25.000000	25.000000
2021-03-22 18:23:51	3.6992786318E+9	2.168169E-10	1.203510E+4	1.245030E+4	1.934608E+3	1.970832E+2	1.961637E+3	0.000000E+0	0.000000E+0	0.000000E+0	1.413451E+2	216.816903E-12	9.046850E+3	13.340282E+3	7.445315E+3	9.265644E+3	8.272419E+3	0.000000E+0	0.000000E+0	0.000000E+0	62.222549E+3	25.000000	25.000000	25.000000	25.000000
2021-03-22 18:24:44	3.6992786842E+9	2.168169E-10	1.197084E+4	1.236388E+4	1.943763E+3	1.940151E+2	1.949667E+3	0.000000E+0	0.000000E+0	0.000000E+0	1.433984E+2	216.816903E-12	9.324725E+3	13.853141E+3	7.221755E+3	9.594708E+3	8.544944E+3	0.000000E+0	0.000000E+0	0.000000E+0	62.734481E+3	25.000000	25.000000	25.000000	25.000000
2021-03-22 18:25:37	3.6992787373E+9	2.168169E-10	1.191196E+4	1.226002E+4	1.933835E+3	1.863590E+2	1.939802E+3	0.000000E+0	0.000000E+0	0.000000E+0	1.454271E+2	216.816903E-12	9.593337E+3	14.520684E+3	7.464711E+3	10.499463E+3	8.774982E+3	0.000000E+0	0.000000E+0	0.000000E+0	63.239773E+3	25.000000	25.000000	25.000000	25.000000
2021-03-22 18:26:35	3.6992787959E+9	2.168169E-10	1.185630E+4	1.231503E+4	1.920973E+3	1.834130E+2	1.929653E+3	0.000000E+0	0.000000E+0	0.000000E+0	1.475020E+2	216.816903E-12	9.860373E+3	14.159796E+3	7.799848E+3	10.882997E+3	9.016461E+3	0.000000E+0	0.000000E+0	0.000000E+0	63.756064E+3	25.000000	25.000000	25.000000	25.000000
2021-03-22 18:27:28	3.6992788488E+9	2.168169E-10	1.179764E+4	1.225933E+4	1.912573E+3	1.792658E+2	1.922232E+3	0.000000E+0	0.000000E+0	0.000000E+0	1.495070E+2	216.816903E-12	10.156619E+3	14.525318E+3	8.032043E+3	11.460404E+3	9.195973E+3	0.000000E+0	0.000000E+0	0.000000E+0	64.254438E+3	25.000000	25.000000	25.000000	25.000000
2021-03-22 18:28:33	3.6992789137E+9	2.168169E-10	1.174928E+4	1.214000E+4	1.904912E+3	1.801450E+2	1.913440E+3	0.000000E+0	0.000000E+0	0.000000E+0	1.521212E+2	216.816903E-12	10.413096E+3	15.370685E+3	8.253709E+3	11.334141E+3	9.411736E+3	0.000000E+0	0.000000E+0	0.000000E+0	64.903446E+3	25.000000	25.000000	25.000000	25.000000
2021-03-22 18:29:32	3.6992789728E+9	2.168169E-10	1.169778E+4	1.212747E+4	1.898392E+3	1.772761E+2	1.906865E+3	0.000000E+0	0.000000E+0	0.000000E+0	1.541524E+2	216.816903E-12	10.699126E+3	15.464739E+3	8.450172E+3	11.754192E+3	9.574970E+3	0.000000E+0	0.000000E+0	0.000000E+0	65.407121E+3	25.000000	25.000000	25.000000	25.000000
2021-03-22 18:30:27	3.6992790277E+9	2.168169E-10	1.165202E+4	1.208385E+4	1.890775E+3	1.737717E+2	1.900939E+3	0.000000E+0	0.000000E+0	0.000000E+0	1.561615E+2	216.816903E-12	10.965112E+3	15.800696E+3	8.689349E+3	12.300237E+3	9.723555E+3	0.000000E+0	0.000000E+0	0.000000E+0	65.904751E+3	25.000000	25.000000	25.000000	25.000000
2021-03-22 18:31:20	3.6992790807E+9	2.168169E-10	1.161460E+4	1.204414E+4	1.885537E+3	1.740658E+2	1.895778E+3	0.000000E+0	0.000000E+0	0.000000E+0	1.580628E+2	216.816903E-12	11.191445E+3	16.118512E+3	8.860124E+3	12.252939E+3	9.853857E+3	0.000000E+0	0.000000E+0	0.000000E+0	66.375172E+3	25.000000	25.000000	25.000000	25.000000
2021-03-22 18:32:13	3.6992791335E+9	2.168169E-10	1.157974E+4	1.200046E+4	1.879770E+3	1.714183E+2	1.890593E+3	0.000000E+0	0.000000E+0	0.000000E+0	1.599474E+2	216.816903E-12	11.409774E+3	16.481863E+3	9.054405E+3	12.688839E+3	9.985625E+3	0.000000E+0	0.000000E+0	0.000000E+0	66.840983E+3	25.000000	25.000000	25.000000	25.000000
2021-03-22 18:33:16	3.6992791968E+9	2.168169E-10	1.154116E+4	1.195875E+4	1.877448E+3	1.709490E+2	1.885193E+3	0.000000E+0	0.000000E+0	0.000000E+0	1.623086E+2	216.816903E-12	11.660184E+3	16.843044E+3	9.134559E+3	12.768554E+3	10.123605E+3	0.000000E+0	0.000000E+0	0.000000E+0	67.423870E+3	25.000000	25.000000	25.000000	25.000000
2021-03-22 18:34:15	3.6992792558E+9	2.168169E-10	1.151115E+4	1.192201E+4	1.870603E+3	1.743732E+2	1.880022E+3	0.000000E+0	0.000000E+0	0.000000E+0	1.641260E+2	216.816903E-12	11.861659E+3	17.173426E+3	9.377429E+3	12.203815E+3	10.256405E+3	0.000000E+0	0.000000E+0	0.000000E+0	67.871969E+3	25.000000	25.000000	25.000000	25.000000
2021-03-22 18:35:19	3.6992793192E+9	2.168169E-10	1.148014E+4	1.188534E+4	1.867097E+3	1.685003E+2	1.875292E+3	0.000000E+0	0.000000E+0	0.000000E+0	1.665227E+2	216.816903E-12	12.076297E+3	17.514973E+3	9.505777E+3	13.197010E+3	10.378357E+3	0.000000E+0	0.000000E+0	0.000000E+0	68.462161E+3	25.000000	25.000000	25.000000	25.000000
2021-03-22 18:36:16	3.6992793762E+9	2.168169E-10	1.144812E+4	1.184467E+4	1.864429E+3	1.649394E+2	1.871255E+3	0.000000E+0	0.000000E+0	0.000000E+0	1.684056E+2	216.816903E-12	12.305022E+3	17.908606E+3	9.605328E+3	13.859791E+3	10.482747E+3	0.000000E+0	0.000000E+0	0.000000E+0	68.925249E+3	25.000000	25.000000	25.000000	25.000000
2021-03-22 18:37:09	3.6992794291E+9	2.168169E-10	1.142122E+4	1.181446E+4	1.860100E+3	1.641675E+2	1.867587E+3	0.000000E+0	0.000000E+0	0.000000E+0	1.701957E+2	216.816903E-12	12.503007E+3	18.211434E+3	9.770377E+3	14.010062E+3	10.577844E+3	0.000000E+0	0.000000E+0	0.000000E+0	69.365036E+3	25.000000	25.000000	25.000000	25.000000
2021-03-22 18:38:07	3.6992794878E+9	2.168169E-10	1.139763E+4	1.178393E+4	1.856148E+3	1.623913E+2	1.863780E+3	0.000000E+0	0.000000E+0	0.000000E+0	1.720512E+2	216.816903E-12	12.681185E+3	18.526952E+3	9.924980E+3	14.365247E+3	10.676649E+3	0.000000E+0	0.000000E+0	0.000000E+0	69.820375E+3	25.000000	25.000000	25.000000	25.000000
2021-03-22 18:39:00	3.6992795404E+9	2.168169E-10	1.137262E+4	1.175522E+4	1.853381E+3	1.648529E+2	1.860556E+3	0.000000E+0	0.000000E+0	0.000000E+0	1.737525E+2	216.816903E-12	12.874843E+3	18.832616E+3	10.035504E+3	13.876515E+3	10.760411E+3	0.000000E+0	0.000000E+0	0.000000E+0	70.237437E+3	25.000000	25.000000	25.000000	25.000000
2021-03-22 18:39:53	3.6992795934E+9	2.168169E-10	1.135100E+4	1.173054E+4	1.850595E+3	1.613627E+2	1.857421E+3	0.000000E+0	0.000000E+0	0.000000E+0	1.754928E+2	216.816903E-12	13.046431E+3	19.102804E+3	10.148709E+3	14.577136E+3	10.842004E+3	0.000000E+0	0.000000E+0	0.000000E+0	70.663606E+3	25.000000	25.000000	25.000000	25.000000
2021-03-22 18:40:56	3.6992796568E+9	2.168169E-10	1.133054E+4	1.170030E+4	1.848240E+3	1.602608E+2	1.853679E+3	0.000000E+0	0.000000E+0	0.000000E+0	1.776707E+2	216.816903E-12	13.212300E+3	19.443327E+3	10.246025E+3	14.809347E+3	10.939292E+3	0.000000E+0	0.000000E+0	0.000000E+0	71.196300E+3	25.000000	25.000000	25.000000	25.000000
2021-03-22 18:41:49	3.6992797097E+9	2.168169E-10	1.130664E+4	1.167843E+4	1.844816E+3	1.604115E+2	1.851060E+3	0.000000E+0	0.000000E+0	0.000000E+0	1.793666E+2	216.816903E-12	13.410771E+3	19.696458E+3	10.390069E+3	14.777256E+3	11.007389E+3	0.000000E+0	0.000000E+0	0.000000E+0	71.610594E+3	25.000000	25.000000	25.000000	25.000000
2021-03-22 18:42:42	3.6992797624E+9	2.168169E-10	1.128752E+4	1.165491E+4	1.842817E+3	1.572706E+2	1.848242E+3	0.000000E+0	0.000000E+0	0.000000E+0	1.810363E+2	216.816903E-12	13.573108E+3	19.975257E+3	10.475606E+3	15.468029E+3	11.080742E+3	0.000000E+0	0.000000E+0	0.000000E+0	72.018078E+3	25.000000	25.000000	25.000000	25.000000
2021-03-22 18:43:40	3.6992798210E+9	2.168169E-10	1.126943E+4	1.162661E+4	1.840055E+3	1.563079E+2	1.845242E+3	0.000000E+0	0.000000E+0	0.000000E+0	1.827719E+2	216.816903E-12	13.729864E+3	20.320104E+3	10.595677E+3	15.689405E+3	11.158641E+3	0.000000E+0	0.000000E+0	0.000000E+0	72.441198E+3	25.000000	25.000000	25.000000	25.000000
2021-03-22 18:44:33	3.6992798738E+9	2.168169E-10	1.124927E+4	1.160729E+4	1.838583E+3	1.551420E+2	1.842784E+3	0.000000E+0	0.000000E+0	0.000000E+0	1.844181E+2	216.816903E-12	13.908140E+3	20.561595E+3	10.660523E+3	15.963857E+3	11.222417E+3	0.000000E+0	0.000000E+0	0.000000E+0	72.842107E+3	25.000000	25.000000	25.000000	25.000000
2021-03-22 18:45:28	3.6992799288E+9	2.168169E-10	1.123229E+4	1.158585E+4	1.834941E+3	1.576623E+2	1.840152E+3	0.000000E+0	0.000000E+0	0.000000E+0	1.861223E+2	216.816903E-12	14.061306E+3	20.835587E+3	10.823623E+3	15.379303E+3	11.290646E+3	0.000000E+0	0.000000E+0	0.000000E+0	73.256720E+3	25.000000	25.000000	25.000000	25.000000
2021-03-22 18:46:26	3.6992799868E+9	2.168169E-10	1.121504E+4	1.155955E+4	1.833160E+3	1.533726E+2	1.837491E+3	0.000000E+0	0.000000E+0	0.000000E+0	1.881953E+2	216.816903E-12	14.219910E+3	21.180575E+3	10.904770E+3	16.394181E+3	11.359526E+3	0.000000E+0	0.000000E+0	0.000000E+0	73.760460E+3	25.000000	25.000000	25.000000	25.000000
2021-03-22 18:47:19	3.6992800396E+9	2.168169E-10	1.119761E+4	1.154578E+4	1.831485E+3	1.550853E+2	1.835309E+3	0.000000E+0	0.000000E+0	0.000000E+0	1.897983E+2	216.816903E-12	14.383171E+3	21.365289E+3	10.982001E+3	15.977399E+3	11.415847E+3	0.000000E+0	0.000000E+0	0.000000E+0	74.149550E+3	25.000000	25.000000	25.000000	25.000000
2021-03-22 18:48:12	3.6992800926E+9	2.168169E-10	1.118198E+4	1.152423E+4	1.829343E+3	1.514810E+2	1.833037E+3	0.000000E+0	0.000000E+0	0.000000E+0	1.913960E+2	216.816903E-12	14.532205E+3	21.659866E+3	11.081940E+3	16.873493E+3	11.474466E+3	0.000000E+0	0.000000E+0	0.000000E+0	74.536990E+3	25.000000	25.000000	25.000000	25.000000
2021-03-22 18:49:05	3.6992801453E+9	2.168169E-10	1.116688E+4	1.150560E+4	1.826470E+3	1.539850E+2	1.830899E+3	0.000000E+0	0.000000E+0	0.000000E+0	1.929684E+2	216.816903E-12	14.678743E+3	21.920362E+3	11.218265E+3	16.243313E+3	11.529505E+3	0.000000E+0	0.000000E+0	0.000000E+0	74.917927E+3	25.000000	25.000000	25.000000	25.000000
2021-03-22 18:50:06	3.6992802061E+9	2.168169E-10	1.115057E+4	1.148750E+4	1.825933E+3	1.525342E+2	1.828409E+3	0.000000E+0	0.000000E+0	0.000000E+0	1.945929E+2	216.816903E-12	14.839755E+3	22.178815E+3	11.244034E+3	16.604115E+3	11.593389E+3	0.000000E+0	0.000000E+0	0.000000E+0	75.311116E+3	25.000000	25.000000	25.000000	25.000000
2021-03-22 18:50:58	3.6992802588E+9	2.168169E-10	1.113676E+4	1.146795E+4	1.822851E+3	1.500711E+2	1.826484E+3	0.000000E+0	0.000000E+0	0.000000E+0	1.961469E+2	216.816903E-12	14.978349E+3	22.463925E+3	11.393637E+3	17.244361E+3	11.642721E+3	0.000000E+0	0.000000E+0	0.000000E+0	75.686863E+3	25.000000	25.000000	25.000000	25.000000
2021-03-22 18:51:51	3.6992803115E+9	2.168169E-10	1.112336E+4	1.144751E+4	1.822226E+3	1.512765E+2	1.824484E+3	0.000000E+0	0.000000E+0	0.000000E+0	1.976994E+2	216.816903E-12	15.114977E+3	22.768815E+3	11.424357E+3	16.926562E+3	11.693805E+3	0.000000E+0	0.000000E+0	0.000000E+0	76.061922E+3	25.000000	25.000000	25.000000	25.000000
2021-03-22 18:52:50	3.6992803704E+9	2.168169E-10	1.111024E+4	1.143304E+4	1.819545E+3	1.498825E+2	1.822321E+3	0.000000E+0	0.000000E+0	0.000000E+0	1.992890E+2	216.816903E-12	15.250715E+3	22.989033E+3	11.557587E+3	17.294876E+3	11.748925E+3	0.000000E+0	0.000000E+0	0.000000E+0	76.445599E+3	25.000000	25.000000	25.000000	25.000000
2021-03-22 18:53:44	3.6992804249E+9	2.168169E-10	1.109627E+4	1.141777E+4	1.818213E+3	1.485555E+2	1.820390E+3	0.000000E+0	0.000000E+0	0.000000E+0	2.008609E+2	216.816903E-12	15.397488E+3	23.225401E+3	11.624671E+3	17.656573E+3	11.797898E+3	0.000000E+0	0.000000E+0	0.000000E+0	76.824635E+3	25.000000	25.000000	25.000000	25.000000
2021-03-22 18:54:37	3.6992804779E+9	2.168169E-10	1.108346E+4	1.140102E+4	1.816942E+3	1.483746E+2	1.818641E+3	0.000000E+0	0.000000E+0	0.000000E+0	2.023656E+2	216.816903E-12	15.534116E+3	23.489616E+3	11.689214E+3	17.706756E+3	11.842218E+3	0.000000E+0	0.000000E+0	0.000000E+0	77.187141E+3	25.000000	25.000000	25.000000	25.000000
2021-03-22 18:55:41	3.6992805412E+9	2.168169E-10	1.106926E+4	1.138410E+4	1.815738E+3	1.472176E+2	1.816404E+3	0.000000E+0	0.000000E+0	0.000000E+0	2.042689E+2	216.816903E-12	15.687881E+3	23.761807E+3	11.750868E+3	18.032643E+3	11.898671E+3	0.000000E+0	0.000000E+0	0.000000E+0	77.645238E+3	25.000000	25.000000	25.000000	25.000000
2021-03-22 18:56:34	3.6992805943E+9	2.168169E-10	1.105796E+4	1.137164E+4	1.813931E+3	1.467042E+2	1.814812E+3	0.000000E+0	0.000000E+0	0.000000E+0	2.057544E+2	216.816903E-12	15.812104E+3	23.965634E+3	11.844367E+3	18.180081E+3	11.938692E+3	0.000000E+0	0.000000E+0	0.000000E+0	78.002438E+3	25.000000	25.000000	25.000000	25.000000
2021-03-22 18:57:26	3.6992806467E+9	2.168169E-10	1.104653E+4	1.135538E+4	1.811890E+3	1.475632E+2	1.813163E+3	0.000000E+0	0.000000E+0	0.000000E+0	2.072130E+2	216.816903E-12	15.939362E+3	24.236426E+3	11.951367E+3	17.934377E+3	11.980067E+3	0.000000E+0	0.000000E+0	0.000000E+0	78.352891E+3	25.000000	25.000000	25.000000	25.000000
2021-03-22 18:58:25	3.6992807052E+9	2.168169E-10	1.103507E+4	1.134195E+4	1.810289E+3	1.458426E+2	1.811312E+3	0.000000E+0	0.000000E+0	0.000000E+0	2.087311E+2	216.816903E-12	16.068691E+3	24.463832E+3	12.036313E+3	18.431524E+3	12.026252E+3	0.000000E+0	0.000000E+0	0.000000E+0	78.717320E+3	25.000000	25.000000	25.000000	25.000000
2021-03-22 18:59:18	3.6992807581E+9	2.168169E-10	1.102439E+4	1.132757E+4	1.809200E+3	1.453658E+2	1.809794E+3	0.000000E+0	0.000000E+0	0.000000E+0	2.101678E+2	216.816903E-12	16.190706E+3	24.711594E+3	12.094613E+3	18.572879E+3	12.064031E+3	0.000000E+0	0.000000E+0	0.000000E+0	79.061940E+3	25.000000	25.000000	25.000000	25.000000
2021-03-22 19:00:11	3.6992808112E+9	2.168169E-10	1.101432E+4	1.131584E+4	1.808129E+3	1.460274E+2	1.808229E+3	0.000000E+0	0.000000E+0	0.000000E+0	2.116113E+2	216.816903E-12	16.307237E+3	24.916843E+3	12.152355E+3	18.377176E+3	12.102918E+3	0.000000E+0	0.000000E+0	0.000000E+0	79.407900E+3	25.000000	25.000000	25.000000	25.000000
2021-03-22 19:01:14	3.6992808746E+9	2.168169E-10	1.100243E+4	1.129953E+4	1.806626E+3	1.440752E+2	1.806373E+3	0.000000E+0	0.000000E+0	0.000000E+0	2.134184E+2	216.816903E-12	16.446508E+3	25.206988E+3	12.234139E+3	18.963544E+3	12.148711E+3	0.000000E+0	0.000000E+0	0.000000E+0	79.840662E+3	25.000000	25.000000	25.000000	25.000000
2021-03-22 19:02:09	3.6992809292E+9	2.168169E-10	1.099289E+4	1.128693E+4	1.804956E+3	1.460115E+2	1.804907E+3	0.000000E+0	0.000000E+0	0.000000E+0	2.148935E+2	216.816903E-12	16.559661E+3	25.435179E+3	12.326020E+3	18.381852E+3	12.184781E+3	0.000000E+0	0.000000E+0	0.000000E+0	80.193604E+3	25.000000	25.000000	25.000000	25.000000
2021-03-22 19:03:01	3.6992809818E+9	2.168169E-10	1.098341E+4	1.127557E+4	1.803707E+3	1.432789E+2	1.803489E+3	0.000000E+0	0.000000E+0	0.000000E+0	2.162904E+2	216.816903E-12	16.673415E+3	25.643891E+3	12.395368E+3	19.210628E+3	12.219512E+3	0.000000E+0	0.000000E+0	0.000000E+0	80.527588E+3	25.000000	25.000000	25.000000	25.000000
2021-03-22 19:04:00	3.6992810408E+9	2.168169E-10	1.097341E+4	1.126193E+4	1.802293E+3	1.415939E+2	1.801902E+3	0.000000E+0	0.000000E+0	0.000000E+0	2.177358E+2	216.816903E-12	16.794742E+3	25.898361E+3	12.474657E+3	19.749217E+3	12.258240E+3	0.000000E+0	0.000000E+0	0.000000E+0	80.872916E+3	25.000000	25.000000	25.000000	25.000000
2021-03-22 19:04:53	3.6992810934E+9	2.168169E-10	1.096443E+4	1.125256E+4	1.801235E+3	1.419284E+2	1.800625E+3	0.000000E+0	0.000000E+0	0.000000E+0	2.191203E+2	216.816903E-12	16.905014E+3	26.075702E+3	12.534469E+3	19.640558E+3	12.289312E+3	0.000000E+0	0.000000E+0	0.000000E+0	81.203459E+3	25.000000	25.000000	25.000000	25.000000
2021-03-22 19:05:57	3.6992811572E+9	2.168169E-10	1.095581E+4	1.124115E+4	1.800711E+3	1.419865E+2	1.798896E+3	0.000000E+0	0.000000E+0	0.000000E+0	2.208654E+2	216.816903E-12	17.011900E+3	26.294388E+3	12.564268E+3	19.621763E+3	12.331128E+3	0.000000E+0	0.000000E+0	0.000000E+0	81.619775E+3	25.000000	25.000000	25.000000	25.000000
2021-03-22 19:06:49	3.6992812100E+9	2.168169E-10	1.094588E+4	1.122681E+4	1.798390E+3	1.409289E+2	1.797730E+3	0.000000E+0	0.000000E+0	0.000000E+0	2.222296E+2	216.816903E-12	17.136344E+3	26.573680E+3	12.697496E+3	19.967850E+3	12.359212E+3	0.000000E+0	0.000000E+0	0.000000E+0	81.944968E+3	25.000000	25.000000	25.000000	25.000000
2021-03-22 19:07:42	3.6992812626E+9	2.168169E-10	1.093761E+4	1.121841E+4	1.798700E+3	1.432592E+2	1.796438E+3	0.000000E+0	0.000000E+0	0.000000E+0	2.235713E+2	216.816903E-12	17.241268E+3	26.739598E+3	12.679576E+3	19.216798E+3	12.390220E+3	0.000000E+0	0.000000E+0	0.000000E+0	82.264593E+3	25.000000	25.000000	25.000000	25.000000
2021-03-22 19:08:35	3.6992813154E+9	2.168169E-10	1.093001E+4	1.120602E+4	1.797398E+3	1.401143E+2	1.795182E+3	0.000000E+0	0.000000E+0	0.000000E+0	2.249179E+2	216.816903E-12	17.338474E+3	26.987583E+3	12.755106E+3	20.240533E+3	12.420251E+3	0.000000E+0	0.000000E+0	0.000000E+0	82.585209E+3	25.000000	25.000000	25.000000	25.000000
2021-03-22 19:09:34	3.6992813742E+9	2.168169E-10	1.092176E+4	1.119684E+4	1.796018E+3	1.406680E+2	1.793819E+3	0.000000E+0	0.000000E+0	0.000000E+0	2.263042E+2	216.816903E-12	17.444962E+3	27.173910E+3	12.835876E+3	20.054606E+3	12.452667E+3	0.000000E+0	0.000000E+0	0.000000E+0	82.915028E+3	25.000000	25.000000	25.000000	25.000000
2021-03-22 19:10:29	3.6992814292E+9	2.168169E-10	1.091434E+4	1.118518E+4	1.794330E+3	1.429339E+2	1.792638E+3	0.000000E+0	0.000000E+0	0.000000E+0	2.276774E+2	216.816903E-12	17.541704E+3	27.413521E+3	12.935760E+3	19.319135E+3	12.480664E+3	0.000000E+0	0.000000E+0	0.000000E+0	83.241553E+3	25.000000	25.000000	25.000000	25.000000
2021-03-22 19:11:32	3.6992814924E+9	2.168169E-10	1.090667E+4	1.117575E+4	1.794031E+3	1.390626E+2	1.791199E+3	0.000000E+0	0.000000E+0	0.000000E+0	2.293564E+2	216.816903E-12	17.642693E+3	27.609852E+3	12.953575E+3	20.600674E+3	12.514623E+3	0.000000E+0	0.000000E+0	0.000000E+0	83.640491E+3	25.000000	25.000000	25.000000	25.000000
2021-03-22 19:12:25	3.6992815454E+9	2.168169E-10	1.089834E+4	1.116515E+4	1.794183E+3	1.391949E+2	1.790141E+3	0.000000E+0	0.000000E+0	0.000000E+0	2.306507E+2	216.816903E-12	17.753430E+3	27.833480E+3	12.944510E+3	20.554835E+3	12.539451E+3	0.000000E+0	0.000000E+0	0.000000E+0	83.947837E+3	25.000000	25.000000	25.000000	25.000000
2021-03-22 19:13:18	3.6992815980E+9	2.168169E-10	1.089130E+4	1.115720E+4	1.792133E+3	1.399463E+2	1.789016E+3	0.000000E+0	0.000000E+0	0.000000E+0	2.319434E+2	216.816903E-12	17.847825E+3	28.003235E+3	13.067567E+3	20.297425E+3	12.565701E+3	0.000000E+0	0.000000E+0	0.000000E+0	84.254624E+3	25.000000	25.000000	25.000000	25.000000
2021-03-22 19:14:16	3.6992816570E+9	2.168169E-10	1.088458E+4	1.114574E+4	1.790737E+3	1.383174E+2	1.787791E+3	0.000000E+0	0.000000E+0	0.000000E+0	2.332847E+2	216.816903E-12	17.938688E+3	28.250813E+3	13.152354E+3	20.861509E+3	12.594202E+3	0.000000E+0	0.000000E+0	0.000000E+0	84.572777E+3	25.000000	25.000000	25.000000	25.000000
2021-03-22 19:15:09	3.6992817095E+9	2.168169E-10	1.087741E+4	1.113805E+4	1.790265E+3	1.397821E+2	1.786768E+3	0.000000E+0	0.000000E+0	0.000000E+0	2.345550E+2	216.816903E-12	18.036454E+3	28.419209E+3	13.181184E+3	20.353300E+3	12.617953E+3	0.000000E+0	0.000000E+0	0.000000E+0	84.873919E+3	25.000000	25.000000	25.000000	25.000000
2021-03-22 19:16:02	3.6992817621E+9	2.168169E-10	1.087127E+4	1.112953E+4	1.788485E+3	1.370741E+2	1.785709E+3	0.000000E+0	0.000000E+0	0.000000E+0	2.358183E+2	216.816903E-12	18.120813E+3	28.607666E+3	13.290860E+3	21.307525E+3	12.642298E+3	0.000000E+0	0.000000E+0	0.000000E+0	85.173257E+3	25.000000	25.000000	25.000000	25.000000
2021-03-22 19:17:05	3.6992818259E+9	2.168169E-10	1.086499E+4	1.111985E+4	1.788014E+3	1.375590E+2	1.784436E+3	0.000000E+0	0.000000E+0	0.000000E+0	2.374192E+2	216.816903E-12	18.207876E+3	28.824055E+3	13.320159E+3	21.131930E+3	12.671548E+3	0.000000E+0	0.000000E+0	0.000000E+0	85.552373E+3	25.000000	25.000000	25.000000	25.000000
2021-03-22 19:17:58	3.6992818786E+9	2.168169E-10	1.085771E+4	1.111179E+4	1.787202E+3	1.352494E+2	1.783542E+3	0.000000E+0	0.000000E+0	0.000000E+0	2.386678E+2	216.816903E-12	18.309550E+3	29.006570E+3	13.370833E+3	21.987562E+3	12.691981E+3	0.000000E+0	0.000000E+0	0.000000E+0	85.847886E+3	25.000000	25.000000	25.000000	25.000000
2021-03-22 19:18:53	3.6992819336E+9	2.168169E-10	1.085176E+4	1.110419E+4	1.787814E+3	1.363628E+2	1.782483E+3	0.000000E+0	0.000000E+0	0.000000E+0	2.399477E+2	216.816903E-12	18.393372E+3	29.180401E+3	13.332617E+3	21.568949E+3	12.716024E+3	0.000000E+0	0.000000E+0	0.000000E+0	86.150658E+3	25.000000	25.000000	25.000000	25.000000
2021-03-22 19:19:52	3.6992819924E+9	2.168169E-10	1.084584E+4	1.109467E+4	1.787339E+3	1.379638E+2	1.781432E+3	0.000000E+0	0.000000E+0	0.000000E+0	2.412322E+2	216.816903E-12	18.477356E+3	29.400522E+3	13.362224E+3	20.986979E+3	12.739844E+3	0.000000E+0	0.000000E+0	0.000000E+0	86.454369E+3	25.000000	25.000000	25.000000	25.000000
2021-03-22 19:20:44	3.6992820448E+9	2.168169E-10	1.083948E+4	1.108736E+4	1.785063E+3	1.352513E+2	1.780523E+3	0.000000E+0	0.000000E+0	0.000000E+0	2.424571E+2	216.816903E-12	18.568272E+3	29.571338E+3	13.505663E+3	21.986836E+3	12.760283E+3	0.000000E+0	0.000000E+0	0.000000E+0	86.743859E+3	25.000000	25.000000	25.000000	25.000000
2021-03-22 19:21:37	3.6992820976E+9	2.168169E-10	1.083401E+4	1.107757E+4	1.785084E+3	1.351874E+2	1.779570E+3	0.000000E+0	0.000000E+0	0.000000E+0	2.436728E+2	216.816903E-12	18.647008E+3	29.802764E+3	13.504350E+3	22.011216E+3	12.781656E+3	0.000000E+0	0.000000E+0	0.000000E+0	87.031074E+3	25.000000	25.000000	25.000000	25.000000
2021-03-22 19:22:41	3.6992821611E+9	2.168169E-10	1.082860E+4	1.107107E+4	1.784102E+3	1.356239E+2	1.778502E+3	0.000000E+0	0.000000E+0	0.000000E+0	2.452148E+2	216.816903E-12	18.725450E+3	29.958103E+3	13.566896E+3	21.845440E+3	12.805460E+3	0.000000E+0	0.000000E+0	0.000000E+0	87.395164E+3	25.000000	25.000000	25.000000	25.000000
2021-03-22 19:23:33	3.6992822138E+9	2.168169E-10	1.082232E+4	1.106411E+4	1.783386E+3	1.330472E+2	1.777652E+3	0.000000E+0	0.000000E+0	0.000000E+0	2.464204E+2	216.816903E-12	18.817152E+3	30.125852E+3	13.612807E+3	22.850943E+3	12.824335E+3	0.000000E+0	0.000000E+0	0.000000E+0	87.679709E+3	25.000000	25.000000	25.000000	25.000000
2021-03-22 19:24:26	3.6992822666E+9	2.168169E-10	1.081727E+4	1.105671E+4	1.782432E+3	1.346682E+2	1.776803E+3	0.000000E+0	0.000000E+0	0.000000E+0	2.476023E+2	216.816903E-12	18.891415E+3	30.305997E+3	13.674365E+3	22.210783E+3	12.843115E+3	0.000000E+0	0.000000E+0	0.000000E+0	87.958526E+3	25.000000	25.000000	25.000000	25.000000
2021-03-22 19:25:25	3.6992823253E+9	2.168169E-10	1.081195E+4	1.105250E+4	1.781885E+3	1.328951E+2	1.775799E+3	0.000000E+0	0.000000E+0	0.000000E+0	2.488356E+2	216.816903E-12	18.970122E+3	30.409391E+3	13.709835E+3	22.912376E+3	12.865164E+3	0.000000E+0	0.000000E+0	0.000000E+0	88.249369E+3	25.000000	25.000000	25.000000	25.000000
2021-03-22 19:26:17	3.6992823779E+9	2.168169E-10	1.080660E+4	1.104599E+4	1.782032E+3	1.318562E+2	1.775029E+3	0.000000E+0	0.000000E+0	0.000000E+0	2.499977E+2	216.816903E-12	19.049814E+3	30.570271E+3	13.700310E+3	23.338428E+3	12.882118E+3	0.000000E+0	0.000000E+0	0.000000E+0	88.523322E+3	25.000000	25.000000	25.000000	25.000000
2021-03-22 19:27:10	3.6992824307E+9	2.168169E-10	1.080192E+4	1.103696E+4	1.780729E+3	1.336611E+2	1.774204E+3	0.000000E+0	0.000000E+0	0.000000E+0	2.511605E+2	216.816903E-12	19.120017E+3	30.795681E+3	13.785234E+3	22.605410E+3	12.900057E+3	0.000000E+0	0.000000E+0	0.000000E+0	88.797331E+3	25.000000	25.000000	25.000000	25.000000
2021-03-22 19:28:16	3.6992824965E+9	2.168169E-10	1.079717E+4	1.102909E+4	1.779581E+3	1.329053E+2	1.773157E+3	0.000000E+0	0.000000E+0	0.000000E+0	2.526602E+2	216.816903E-12	19.191631E+3	30.994249E+3	13.860784E+3	22.908262E+3	12.922808E+3	0.000000E+0	0.000000E+0	0.000000E+0	89.150594E+3	25.000000	25.000000	25.000000	25.000000
2021-03-22 19:29:09	3.6992825492E+9	2.168169E-10	1.079155E+4	1.102340E+4	1.778475E+3	1.333197E+2	1.772421E+3	0.000000E+0	0.000000E+0	0.000000E+0	2.538005E+2	216.816903E-12	19.276873E+3	31.139252E+3	13.934114E+3	22.741496E+3	12.938634E+3	0.000000E+0	0.000000E+0	0.000000E+0	89.419101E+3	25.000000	25.000000	25.000000	25.000000
2021-03-22 19:30:02	3.6992826021E+9	2.168169E-10	1.078670E+4	1.101835E+4	1.778967E+3	1.324351E+2	1.771659E+3	0.000000E+0	0.000000E+0	0.000000E+0	2.549295E+2	216.816903E-12	19.351055E+3	31.268969E+3	13.901417E+3	23.099641E+3	12.955009E+3	0.000000E+0	0.000000E+0	0.000000E+0	89.684863E+3	25.000000	25.000000	25.000000	25.000000
2021-03-22 19:31:00	3.6992826605E+9	2.168169E-10	1.078232E+4	1.101083E+4	1.778862E+3	1.331613E+2	1.770749E+3	0.000000E+0	0.000000E+0	0.000000E+0	2.560933E+2	216.816903E-12	19.418355E+3	31.463535E+3	13.908387E+3	22.805025E+3	12.974467E+3	0.000000E+0	0.000000E+0	0.000000E+0	89.958701E+3	25.000000	25.000000	25.000000	25.000000
2021-03-22 19:31:53	3.6992827132E+9	2.168169E-10	1.077741E+4	1.100466E+4	1.778105E+3	1.283776E+2	1.770076E+3	0.000000E+0	0.000000E+0	0.000000E+0	2.572135E+2	216.816903E-12	19.494230E+3	31.624696E+3	13.958769E+3	24.851104E+3	12.988828E+3	0.000000E+0	0.000000E+0	0.000000E+0	90.222224E+3	25.000000	25.000000	25.000000	25.000000
2021-03-22 19:32:46	3.6992827662E+9	2.168169E-10	1.077312E+4	1.099996E+4	1.776667E+3	1.317543E+2	1.769307E+3	0.000000E+0	0.000000E+0	0.000000E+0	2.583168E+2	216.816903E-12	19.560955E+3	31.748386E+3	14.055288E+3	23.380831E+3	13.005148E+3	0.000000E+0	0.000000E+0	0.000000E+0	90.481690E+3	25.000000	25.000000	25.000000	25.000000
2021-03-22 19:33:49	3.6992828296E+9	2.168169E-10	1.076758E+4	1.099178E+4	1.775435E+3	1.324585E+2	1.768395E+3	0.000000E+0	0.000000E+0	0.000000E+0	2.597051E+2	216.816903E-12	19.647621E+3	31.965517E+3	14.138768E+3	23.090042E+3	13.024357E+3	0.000000E+0	0.000000E+0	0.000000E+0	90.808053E+3	25.000000	25.000000	25.000000	25.000000
2021-03-22 19:34:42	3.6992828823E+9	2.168169E-10	1.076344E+4	1.098666E+4	1.774836E+3	1.320081E+2	1.767768E+3	0.000000E+0	0.000000E+0	0.000000E+0	2.607850E+2	216.816903E-12	19.712683E+3	32.102806E+3	14.179598E+3	23.275419E+3	13.037476E+3	0.000000E+0	0.000000E+0	0.000000E+0	91.061862E+3	25.000000	25.000000	25.000000	25.000000
2021-03-22 19:35:35	3.6992829351E+9	2.168169E-10	1.075946E+4	1.098170E+4	1.774850E+3	1.298210E+2	1.767019E+3	0.000000E+0	0.000000E+0	0.000000E+0	2.618596E+2	216.816903E-12	19.775690E+3	32.236686E+3	14.178617E+3	24.206812E+3	13.053150E+3	0.000000E+0	0.000000E+0	0.000000E+0	91.314345E+3	25.000000	25.000000	25.000000	25.000000
2021-03-22 19:36:36	3.6992829961E+9	2.168169E-10	1.075542E+4	1.097545E+4	1.774175E+3	1.311349E+2	1.766194E+3	0.000000E+0	0.000000E+0	0.000000E+0	2.630221E+2	216.816903E-12	19.840012E+3	32.406381E+3	14.224861E+3	23.640993E+3	13.070243E+3	0.000000E+0	0.000000E+0	0.000000E+0	91.587404E+3	25.000000	25.000000	25.000000	25.000000
2021-03-22 19:37:28	3.6992830489E+9	2.168169E-10	1.075107E+4	1.096961E+4	1.772921E+3	1.312850E+2	1.765548E+3	0.000000E+0	0.000000E+0	0.000000E+0	2.640806E+2	216.816903E-12	19.909448E+3	32.566676E+3	14.311387E+3	23.577543E+3	13.083610E+3	0.000000E+0	0.000000E+0	0.000000E+0	91.835981E+3	25.000000	25.000000	25.000000	25.000000
2021-03-22 19:38:21	3.6992831015E+9	2.168169E-10	1.074687E+4	1.096431E+4	1.773156E+3	1.297775E+2	1.764902E+3	0.000000E+0	0.000000E+0	0.000000E+0	2.651312E+2	216.816903E-12	19.976993E+3	32.712999E+3	14.295107E+3	24.225876E+3	13.096904E+3	0.000000E+0	0.000000E+0	0.000000E+0	92.082633E+3	25.000000	25.000000	25.000000	25.000000
2021-03-22 19:39:25	3.6992831650E+9	2.168169E-10	1.074242E+4	1.095812E+4	1.772994E+3	1.305543E+2	1.764067E+3	0.000000E+0	0.000000E+0	0.000000E+0	2.664692E+2	216.816903E-12	20.049031E+3	32.885421E+3	14.306297E+3	23.888616E+3	13.114052E+3	0.000000E+0	0.000000E+0	0.000000E+0	92.396671E+3	25.000000	25.000000	25.000000	25.000000
2021-03-22 19:40:17	3.6992832177E+9	2.168169E-10	1.073855E+4	1.095340E+4	1.772145E+3	1.298732E+2	1.763433E+3	0.000000E+0	0.000000E+0	0.000000E+0	2.675058E+2	216.816903E-12	20.111890E+3	33.017849E+3	14.365293E+3	24.183958E+3	13.126923E+3	0.000000E+0	0.000000E+0	0.000000E+0	92.639926E+3	25.000000	25.000000	25.000000	25.000000
2021-03-22 19:41:10	3.6992832706E+9	2.168169E-10	1.073482E+4	1.094897E+4	1.770286E+3	1.311648E+2	1.762787E+3	0.000000E+0	0.000000E+0	0.000000E+0	2.685322E+2	216.816903E-12	20.172706E+3	33.142896E+3	14.495725E+3	23.628336E+3	13.140030E+3	0.000000E+0	0.000000E+0	0.000000E+0	92.880732E+3	25.000000	25.000000	25.000000	25.000000
2021-03-22 19:42:09	3.6992833295E+9	2.168169E-10	1.073121E+4	1.094294E+4	1.770657E+3	1.289805E+2	1.762062E+3	0.000000E+0	0.000000E+0	0.000000E+0	2.696102E+2	216.816903E-12	20.231977E+3	33.314148E+3	14.469583E+3	24.579011E+3	13.154706E+3	0.000000E+0	0.000000E+0	0.000000E+0	93.133583E+3	25.000000	25.000000	25.000000	25.000000
2021-03-22 19:43:01	3.6992833820E+9	2.168169E-10	1.072737E+4	1.093661E+4	1.770321E+3	1.284029E+2	1.761465E+3	0.000000E+0	0.000000E+0	0.000000E+0	2.706356E+2	216.816903E-12	20.295305E+3	33.495984E+3	14.493219E+3	24.839596E+3	13.166694E+3	0.000000E+0	0.000000E+0	0.000000E+0	93.374053E+3	25.000000	25.000000	25.000000	25.000000
2021-03-22 19:43:54	3.6992834350E+9	2.168169E-10	1.072387E+4	1.093522E+4	1.770575E+3	1.293684E+2	1.760857E+3	0.000000E+0	0.000000E+0	0.000000E+0	2.716425E+2	216.816903E-12	20.353305E+3	33.535868E+3	14.475294E+3	24.406243E+3	13.178811E+3	0.000000E+0	0.000000E+0	0.000000E+0	93.610134E+3	25.000000	25.000000	25.000000	25.000000
2021-03-22 19:45:00	3.6992835007E+9	2.168169E-10	1.070687E+4	1.090836E+4	1.770509E+3	1.282077E+2	1.759669E+3	0.000000E+0	0.000000E+0	0.000000E+0	2.729889E+2	216.816903E-12	20.638488E+3	34.326147E+3	14.479970E+3	24.928560E+3	13.202462E+3	0.000000E+0	0.000000E+0	0.000000E+0	93.925773E+3	25.000000	25.000000	25.000000	25.000000
2021-03-22 19:45:53	3.6992835535E+9	2.168169E-10	1.070339E+4	1.090069E+4	1.769068E+3	1.291046E+2	1.758975E+3	0.000000E+0	0.000000E+0	0.000000E+0	2.740048E+2	216.816903E-12	20.697687E+3	34.557319E+3	14.582102E+3	24.523530E+3	13.216127E+3	0.000000E+0	0.000000E+0	0.000000E+0	94.163869E+3	25.000000	25.000000	25.000000	25.000000
2021-03-22 19:46:46	3.6992836061E+9	2.168169E-10	1.070026E+4	1.090016E+4	1.768044E+3	1.292954E+2	1.758227E+3	0.000000E+0	0.000000E+0	0.000000E+0	2.750404E+2	216.816903E-12	20.751279E+3	34.573298E+3	14.655358E+3	24.438597E+3	13.230794E+3	0.000000E+0	0.000000E+0	0.000000E+0	94.406526E+3	25.000000	25.000000	25.000000	25.000000
2021-03-22 19:47:44	3.6992836648E+9	2.168169E-10	1.069708E+4	1.089712E+4	1.767572E+3	1.283886E+2	1.757456E+3	0.000000E+0	0.000000E+0	0.000000E+0	2.761221E+2	216.816903E-12	20.805817E+3	34.665534E+3	14.689293E+3	24.846116E+3	13.245789E+3	0.000000E+0	0.000000E+0	0.000000E+0	94.659953E+3	25.000000	25.000000	25.000000	25.000000
2021-03-22 19:48:37	3.6992837174E+9	2.168169E-10	1.069419E+4	1.089394E+4	1.767814E+3	1.277202E+2	1.756812E+3	0.000000E+0	0.000000E+0	0.000000E+0	2.771471E+2	216.816903E-12	20.855465E+3	34.762633E+3	14.671902E+3	25.152744E+3	13.258323E+3	0.000000E+0	0.000000E+0	0.000000E+0	94.900069E+3	25.000000	25.000000	25.000000	25.000000
2021-03-22 19:49:40	3.6992837809E+9	2.168169E-10	1.069134E+4	1.088987E+4	1.766751E+3	1.288395E+2	1.756030E+3	0.000000E+0	0.000000E+0	0.000000E+0	2.784556E+2	216.816903E-12	20.904785E+3	34.887498E+3	14.748689E+3	24.642268E+3	13.273373E+3	0.000000E+0	0.000000E+0	0.000000E+0	95.206536E+3	25.000000	25.000000	25.000000	25.000000
2021-03-22 19:50:33	3.6992838333E+9	2.168169E-10	1.068775E+4	1.088632E+4	1.766641E+3	1.270454E+2	1.755507E+3	0.000000E+0	0.000000E+0	0.000000E+0	2.794756E+2	216.816903E-12	20.966989E+3	34.997007E+3	14.756636E+3	25.467844E+3	13.283375E+3	0.000000E+0	0.000000E+0	0.000000E+0	95.445404E+3	25.000000	25.000000	25.000000	25.000000
2021-03-22 19:51:26	3.6992838863E+9	2.168169E-10	1.068479E+4	1.088131E+4	1.766025E+3	1.307644E+2	1.754915E+3	0.000000E+0	0.000000E+0	0.000000E+0	2.804947E+2	216.816903E-12	21.018529E+3	35.152756E+3	14.801385E+3	23.798587E+3	13.294652E+3	0.000000E+0	0.000000E+0	0.000000E+0	95.684022E+3	25.000000	25.000000	25.000000	25.000000
2021-03-22 19:52:19	3.6992839390E+9	2.168169E-10	1.068214E+4	1.087779E+4	1.765689E+3	1.260120E+2	1.754344E+3	0.000000E+0	0.000000E+0	0.000000E+0	2.815180E+2	216.816903E-12	21.065036E+3	35.262608E+3	14.825929E+3	25.961499E+3	13.305554E+3	0.000000E+0	0.000000E+0	0.000000E+0	95.923570E+3	25.000000	25.000000	25.000000	25.000000
2021-03-22 19:53:19	3.6992839999E+9	2.168169E-10	1.067929E+4	1.087374E+4	1.765066E+3	1.273282E+2	1.753684E+3	0.000000E+0	0.000000E+0	0.000000E+0	2.826063E+2	216.816903E-12	21.115021E+3	35.389750E+3	14.871531E+3	25.335130E+3	13.317958E+3	0.000000E+0	0.000000E+0	0.000000E+0	96.178321E+3	25.000000	25.000000	25.000000	25.000000
2021-03-22 19:54:12	3.6992840526E+9	2.168169E-10	1.067639E+4	1.087138E+4	1.763791E+3	1.252426E+2	1.753134E+3	0.000000E+0	0.000000E+0	0.000000E+0	2.836078E+2	216.816903E-12	21.166087E+3	35.463975E+3	14.965578E+3	26.337960E+3	13.328275E+3	0.000000E+0	0.000000E+0	0.000000E+0	96.412721E+3	25.000000	25.000000	25.000000	25.000000
2021-03-22 19:55:16	3.6992841164E+9	2.168169E-10	1.067368E+4	1.086907E+4	1.764462E+3	1.273824E+2	1.752530E+3	0.000000E+0	0.000000E+0	0.000000E+0	2.848802E+2	216.816903E-12	21.214004E+3	35.537209E+3	14.915967E+3	25.309773E+3	13.339596E+3	0.000000E+0	0.000000E+0	0.000000E+0	96.710503E+3	25.000000	25.000000	25.000000	25.000000
2021-03-22 19:56:09	3.6992841692E+9	2.168169E-10	1.067033E+4	1.086252E+4	1.764617E+3	1.269601E+2	1.751990E+3	0.000000E+0	0.000000E+0	0.000000E+0	2.858695E+2	216.816903E-12	21.273570E+3	35.745836E+3	14.904558E+3	25.508114E+3	13.349600E+3	0.000000E+0	0.000000E+0	0.000000E+0	96.941988E+3	25.000000	25.000000	25.000000	25.000000
2021-03-22 19:57:01	3.6992842218E+9	2.168169E-10	1.066772E+4	1.085825E+4	1.763323E+3	1.276656E+2	1.751491E+3	0.000000E+0	0.000000E+0	0.000000E+0	2.868578E+2	216.816903E-12	21.319993E+3	35.883002E+3	15.000278E+3	25.178024E+3	13.358812E+3	0.000000E+0	0.000000E+0	0.000000E+0	97.173211E+3	25.000000	25.000000	25.000000	25.000000
2021-03-22 19:58:00	3.6992842804E+9	2.168169E-10	1.066519E+4	1.085643E+4	1.762864E+3	1.245936E+2	1.750887E+3	0.000000E+0	0.000000E+0	0.000000E+0	2.878887E+2	216.816903E-12	21.365340E+3	35.941491E+3	15.034462E+3	26.661614E+3	13.369970E+3	0.000000E+0	0.000000E+0	0.000000E+0	97.414389E+3	25.000000	25.000000	25.000000	25.000000
2021-03-22 19:58:53	3.6992843332E+9	2.168169E-10	1.066211E+4	1.084995E+4	1.763218E+3	1.255053E+2	1.750388E+3	0.000000E+0	0.000000E+0	0.000000E+0	2.888700E+2	216.816903E-12	21.420527E+3	36.151544E+3	15.008100E+3	26.208571E+3	13.379102E+3	0.000000E+0	0.000000E+0	0.000000E+0	97.643957E+3	25.000000	25.000000	25.000000	25.000000
2021-03-22 19:59:45	3.6992843860E+9	2.168169E-10	1.065970E+4	1.084958E+4	1.761414E+3	1.256365E+2	1.749890E+3	0.000000E+0	0.000000E+0	0.000000E+0	2.898439E+2	216.816903E-12	21.464030E+3	36.163739E+3	15.143180E+3	26.144275E+3	13.388203E+3	0.000000E+0	0.000000E+0	0.000000E+0	97.871743E+3	25.000000	25.000000	25.000000	25.000000
2021-03-22 20:00:49	3.6992844495E+9	2.168169E-10	1.065692E+4	1.084373E+4	1.761201E+3	1.247423E+2	1.749263E+3	0.000000E+0	0.000000E+0	0.000000E+0	2.911003E+2	216.816903E-12	21.514208E+3	36.355150E+3	15.159224E+3	26.586991E+3	13.399528E+3	0.000000E+0	0.000000E+0	0.000000E+0	98.165600E+3	25.000000	25.000000	25.000000	25.000000
2021-03-22 20:01:44	3.6992845044E+9	2.168169E-10	1.065429E+4	1.083763E+4	1.761677E+3	1.240982E+2	1.748759E+3	0.000000E+0	0.000000E+0	0.000000E+0	2.921074E+2	216.816903E-12	21.561825E+3	36.556715E+3	15.123369E+3	26.912499E+3	13.408637E+3	0.000000E+0	0.000000E+0	0.000000E+0	98.401149E+3	25.000000	25.000000	25.000000	25.000000
2021-03-22 20:02:37	3.6992845572E+9	2.168169E-10	1.065133E+4	1.083614E+4	1.760890E+3	1.231358E+2	1.748292E+3	0.000000E+0	0.000000E+0	0.000000E+0	2.930759E+2	216.816903E-12	21.615836E+3	36.606229E+3	15.182765E+3	27.409672E+3	13.417015E+3	0.000000E+0	0.000000E+0	0.000000E+0	98.627624E+3	25.000000	25.000000	25.000000	25.000000
2021-03-22 20:03:35	3.6992846157E+9	2.168169E-10	1.064891E+4	1.083538E+4	1.761195E+3	1.238698E+2	1.747771E+3	0.000000E+0	0.000000E+0	0.000000E+0	2.940931E+2	216.816903E-12	21.659953E+3	36.631433E+3	15.159725E+3	27.029354E+3	13.426236E+3	0.000000E+0	0.000000E+0	0.000000E+0	98.865473E+3	25.000000	25.000000	25.000000	25.000000
2021-03-22 20:04:39	3.6992846793E+9	2.168169E-10	1.064616E+4	1.083144E+4	1.759700E+3	1.238163E+2	1.747167E+3	0.000000E+0	0.000000E+0	0.000000E+0	2.953147E+2	216.816903E-12	21.710422E+3	36.762973E+3	15.273217E+3	27.056785E+3	13.436960E+3	0.000000E+0	0.000000E+0	0.000000E+0	99.151125E+3	25.000000	25.000000	25.000000	25.000000
2021-03-22 20:05:31	3.6992847319E+9	2.168169E-10	1.064278E+4	1.082297E+4	1.759497E+3	1.235301E+2	1.746718E+3	0.000000E+0	0.000000E+0	0.000000E+0	2.962833E+2	216.816903E-12	21.772577E+3	37.048209E+3	15.288684E+3	27.204425E+3	13.444961E+3	0.000000E+0	0.000000E+0	0.000000E+0	99.377598E+3	25.000000	25.000000	25.000000	25.000000
2021-03-22 20:06:30	3.6992847907E+9	2.168169E-10	1.064034E+4	1.082301E+4	1.758955E+3	1.240749E+2	1.746203E+3	0.000000E+0	0.000000E+0	0.000000E+0	2.972893E+2	216.816903E-12	21.817718E+3	37.046856E+3	15.330258E+3	26.924431E+3	13.453961E+3	0.000000E+0	0.000000E+0	0.000000E+0	99.612791E+3	25.000000	25.000000	25.000000	25.000000
2021-03-22 20:07:23	3.6992848436E+9	2.168169E-10	1.063793E+4	1.081857E+4	1.758228E+3	1.244167E+2	1.745737E+3	0.000000E+0	0.000000E+0	0.000000E+0	2.982555E+2	216.816903E-12	21.862350E+3	37.197805E+3	15.386176E+3	26.750814E+3	13.462130E+3	0.000000E+0	0.000000E+0	0.000000E+0	99.838680E+3	25.000000	25.000000	25.000000	25.000000
2021-03-22 20:08:27	3.6992849070E+9	2.168169E-10	1.063521E+4	1.081713E+4	1.757298E+3	1.235904E+2	1.745207E+3	0.000000E+0	0.000000E+0	0.000000E+0	2.994896E+2	216.816903E-12	21.913021E+3	37.246743E+3	15.458260E+3	27.173211E+3	13.471332E+3	0.000000E+0	0.000000E+0	0.000000E+0	100.127178E+3	25.000000	25.000000	25.000000	25.000000
2021-03-22 20:09:19	3.6992849595E+9	2.168169E-10	1.063238E+4	1.081253E+4	1.758104E+3	1.225626E+2	1.744793E+3	0.000000E+0	0.000000E+0	0.000000E+0	3.004495E+2	216.816903E-12	21.965802E+3	37.404460E+3	15.395819E+3	27.711971E+3	13.478455E+3	0.000000E+0	0.000000E+0	0.000000E+0	100.351574E+3	25.000000	25.000000	25.000000	25.000000
2021-03-22 20:10:14	3.6992850146E+9	2.168169E-10	1.062985E+4	1.080937E+4	1.757880E+3	1.236520E+2	1.744293E+3	0.000000E+0	0.000000E+0	0.000000E+0	3.014395E+2	216.816903E-12	22.013293E+3	37.513515E+3	15.413070E+3	27.141419E+3	13.487029E+3	0.000000E+0	0.000000E+0	0.000000E+0	100.583003E+3	25.000000	25.000000	25.000000	25.000000
2021-03-22 20:11:13	3.6992850732E+9	2.168169E-10	1.062738E+4	1.080476E+4	1.757120E+3	1.211344E+2	1.743809E+3	0.000000E+0	0.000000E+0	0.000000E+0	3.024403E+2	216.816903E-12	22.059659E+3	37.673416E+3	15.472075E+3	28.486230E+3	13.495382E+3	0.000000E+0	0.000000E+0	0.000000E+0	100.816960E+3	25.000000	25.000000	25.000000	25.000000
2021-03-22 20:12:06	3.6992851260E+9	2.168169E-10	1.062461E+4	1.080099E+4	1.758287E+3	1.232793E+2	1.743396E+3	0.000000E+0	0.000000E+0	0.000000E+0	3.033843E+2	216.816903E-12	22.112019E+3	37.804891E+3	15.381659E+3	27.334687E+3	13.502381E+3	0.000000E+0	0.000000E+0	0.000000E+0	101.037618E+3	25.000000	25.000000	25.000000	25.000000
2021-03-22 20:12:58	3.6992851787E+9	2.168169E-10	1.062228E+4	1.079832E+4	1.756399E+3	1.239675E+2	1.742979E+3	0.000000E+0	0.000000E+0	0.000000E+0	3.043277E+2	216.816903E-12	22.155981E+3	37.898654E+3	15.528362E+3	26.979292E+3	13.509447E+3	0.000000E+0	0.000000E+0	0.000000E+0	101.258150E+3	25.000000	25.000000	25.000000	25.000000
2021-03-22 20:14:02	3.6992852422E+9	2.168169E-10	1.061979E+4	1.079379E+4	1.756002E+3	1.204159E+2	1.742426E+3	0.000000E+0	0.000000E+0	0.000000E+0	3.055427E+2	216.816903E-12	22.203361E+3	38.058183E+3	15.559434E+3	28.887401E+3	13.518811E+3	0.000000E+0	0.000000E+0	0.000000E+0	101.542145E+3	25.000000	25.000000	25.000000	25.000000
2021-03-22 20:14:54	3.6992852949E+9	2.168169E-10	1.061721E+4	1.079090E+4	1.756585E+3	1.207552E+2	1.742025E+3	0.000000E+0	0.000000E+0	0.000000E+0	3.064831E+2	216.816903E-12	22.252598E+3	38.160686E+3	15.513852E+3	28.696981E+3	13.525508E+3	0.000000E+0	0.000000E+0	0.000000E+0	101.761970E+3	25.000000	25.000000	25.000000	25.000000
2021-03-22 20:15:47	3.6992853477E+9	2.168169E-10	1.061451E+4	1.078821E+4	1.755953E+3	1.235685E+2	1.741613E+3	0.000000E+0	0.000000E+0	0.000000E+0	3.074290E+2	216.816903E-12	22.304098E+3	38.256372E+3	15.563353E+3	27.184548E+3	13.532416E+3	0.000000E+0	0.000000E+0	0.000000E+0	101.983073E+3	25.000000	25.000000	25.000000	25.000000
2021-03-22 20:16:46	3.6992854064E+9	2.168169E-10	1.061207E+4	1.078666E+4	1.755262E+3	1.219856E+2	1.741112E+3	0.000000E+0	0.000000E+0	0.000000E+0	3.084217E+2	216.816903E-12	22.351018E+3	38.311958E+3	15.617696E+3	28.021121E+3	13.540710E+3	0.000000E+0	0.000000E+0	0.000000E+0	102.215121E+3	25.000000	25.000000	25.000000	25.000000
2021-03-22 20:17:39	3.6992854592E+9	2.168169E-10	1.060947E+4	1.078070E+4	1.756206E+3	1.227212E+2	1.740715E+3	0.000000E+0	0.000000E+0	0.000000E+0	3.093628E+2	216.816903E-12	22.400962E+3	38.525832E+3	15.543492E+3	27.627870E+3	13.547224E+3	0.000000E+0	0.000000E+0	0.000000E+0	102.435096E+3	25.000000	25.000000	25.000000	25.000000
2021-03-22 20:18:33	3.6992855140E+9	2.168169E-10	1.060715E+4	1.077838E+4	1.755296E+3	1.219146E+2	1.740290E+3	0.000000E+0	0.000000E+0	0.000000E+0	3.103431E+2	216.816903E-12	22.445874E+3	38.609820E+3	15.615005E+3	28.059517E+3	13.554230E+3	0.000000E+0	0.000000E+0	0.000000E+0	102.664260E+3	25.000000	25.000000	25.000000	25.000000
2021-03-22 20:19:31	3.6992855717E+9	2.168169E-10	1.060470E+4	1.077667E+4	1.755972E+3	1.199826E+2	1.739836E+3	0.000000E+0	0.000000E+0	0.000000E+0	3.115578E+2	216.816903E-12	22.493204E+3	38.671530E+3	15.561805E+3	29.133279E+3	13.561629E+3	0.000000E+0	0.000000E+0	0.000000E+0	102.948209E+3	25.000000	25.000000	25.000000	25.000000
2021-03-22 20:20:24	3.6992856245E+9	2.168169E-10	1.060200E+4	1.077397E+4	1.755086E+3	1.209298E+2	1.739437E+3	0.000000E+0	0.000000E+0	0.000000E+0	3.125020E+2	216.816903E-12	22.545742E+3	38.769701E+3	15.631617E+3	28.599687E+3	13.568105E+3	0.000000E+0	0.000000E+0	0.000000E+0	103.168938E+3	25.000000	25.000000	25.000000	25.000000
2021-03-22 20:21:17	3.6992856774E+9	2.168169E-10	1.059963E+4	1.077165E+4	1.753412E+3	1.221427E+2	1.739000E+3	0.000000E+0	0.000000E+0	0.000000E+0	3.134522E+2	216.816903E-12	22.592051E+3	38.854463E+3	15.764715E+3	27.936475E+3	13.575249E+3	0.000000E+0	0.000000E+0	0.000000E+0	103.391052E+3	25.000000	25.000000	25.000000	25.000000
2021-03-22 20:22:18	3.6992857380E+9	2.168169E-10	1.059710E+4	1.076712E+4	1.754111E+3	1.201438E+2	1.738630E+3	0.000000E+0	0.000000E+0	0.000000E+0	3.144354E+2	216.816903E-12	22.641578E+3	39.020415E+3	15.708953E+3	29.041453E+3	13.581139E+3	0.000000E+0	0.000000E+0	0.000000E+0	103.620911E+3	25.000000	25.000000	25.000000	25.000000
2021-03-22 20:23:11	3.6992857912E+9	2.168169E-10	1.059449E+4	1.076322E+4	1.753240E+3	1.226569E+2	1.738121E+3	0.000000E+0	0.000000E+0	0.000000E+0	3.153922E+2	216.816903E-12	22.692775E+3	39.164363E+3	15.778459E+3	27.661903E+3	13.589267E+3	0.000000E+0	0.000000E+0	0.000000E+0	103.844593E+3	25.000000	25.000000	25.000000	25.000000
2021-03-22 20:24:03	3.6992858436E+9	2.168169E-10	1.059197E+4	1.075985E+4	1.752905E+3	1.208721E+2	1.737693E+3	0.000000E+0	0.000000E+0	0.000000E+0	3.163312E+2	216.816903E-12	22.742403E+3	39.289373E+3	15.805330E+3	28.631765E+3	13.596083E+3	0.000000E+0	0.000000E+0	0.000000E+0	104.064137E+3	25.000000	25.000000	25.000000	25.000000
2021-03-22 20:25:02	3.6992859025E+9	2.168169E-10	1.058946E+4	1.075628E+4	1.753493E+3	1.203027E+2	1.737252E+3	0.000000E+0	0.000000E+0	0.000000E+0	3.173240E+2	216.816903E-12	22.792053E+3	39.422714E+3	15.758201E+3	28.951357E+3	13.603075E+3	0.000000E+0	0.000000E+0	0.000000E+0	104.296255E+3	25.000000	25.000000	25.000000	25.000000
2021-03-22 20:25:55	3.6992859552E+9	2.168169E-10	1.058682E+4	1.075379E+4	1.753324E+3	1.185089E+2	1.736835E+3	0.000000E+0	0.000000E+0	0.000000E+0	3.182780E+2	216.816903E-12	22.844540E+3	39.516029E+3	15.771745E+3	29.991918E+3	13.609581E+3	0.000000E+0	0.000000E+0	0.000000E+0	104.519317E+3	25.000000	25.000000	25.000000	25.000000
2021-03-22 20:26:50	3.6992860101E+9	2.168169E-10	1.058465E+4	1.075115E+4	1.752090E+3	1.214544E+2	1.736407E+3	0.000000E+0	0.000000E+0	0.000000E+0	3.192691E+2	216.816903E-12	22.887751E+3	39.615415E+3	15.871000E+3	28.310135E+3	13.616291E+3	0.000000E+0	0.000000E+0	0.000000E+0	104.751065E+3	25.000000	25.000000	25.000000	25.000000
2021-03-22 20:27:47	3.6992860678E+9	2.168169E-10	1.058178E+4	1.074801E+4	1.751896E+3	1.182290E+2	1.735976E+3	0.000000E+0	0.000000E+0	0.000000E+0	3.204966E+2	216.816903E-12	22.945027E+3	39.733758E+3	15.886684E+3	30.159081E+3	13.623029E+3	0.000000E+0	0.000000E+0	0.000000E+0	105.038117E+3	25.000000	25.000000	25.000000	25.000000
2021-03-22 20:29:26	3.6992861668E+9	2.168169E-10	1.057954E+4	1.074280E+4	1.750900E+3	1.193641E+2	1.735068E+3	0.000000E+0	0.000000E+0	0.000000E+0	3.222977E+2	216.816903E-12	22.989973E+3	39.931889E+3	15.967654E+3	29.489354E+3	13.636981E+3	0.000000E+0	0.000000E+0	0.000000E+0	105.459323E+3	25.000000	25.000000	25.000000	25.000000
2021-03-22 20:30:28	3.6992862281E+9	2.168169E-10	1.057556E+4	1.073890E+4	1.751415E+3	1.202134E+2	1.734658E+3	0.000000E+0	0.000000E+0	0.000000E+0	3.233136E+2	216.816903E-12	23.070132E+3	40.081212E+3	15.925754E+3	29.001950E+3	13.643277E+3	0.000000E+0	0.000000E+0	0.000000E+0	105.696931E+3	25.000000	25.000000	25.000000	25.000000
2021-03-22 20:31:21	3.6992862811E+9	2.168169E-10	1.057232E+4	1.073635E+4	1.749976E+3	1.197399E+2	1.734299E+3	0.000000E+0	0.000000E+0	0.000000E+0	3.242823E+2	216.816903E-12	23.135555E+3	40.179253E+3	16.043257E+3	29.272245E+3	13.648653E+3	0.000000E+0	0.000000E+0	0.000000E+0	105.923503E+3	25.000000	25.000000	25.000000	25.000000
2021-03-22 20:32:13	3.6992863340E+9	2.168169E-10	1.056951E+4	1.073374E+4	1.750468E+3	1.196878E+2	1.733856E+3	0.000000E+0	0.000000E+0	0.000000E+0	3.252503E+2	216.816903E-12	23.192735E+3	40.280029E+3	16.002963E+3	29.302183E+3	13.655382E+3	0.000000E+0	0.000000E+0	0.000000E+0	106.149950E+3	25.000000	25.000000	25.000000	25.000000
2021-03-22 20:33:06	3.6992863869E+9	2.168169E-10	1.056723E+4	1.073151E+4	1.749990E+3	1.195837E+2	1.733475E+3	0.000000E+0	0.000000E+0	0.000000E+0	3.262241E+2	216.816903E-12	23.239166E+3	40.366725E+3	16.042088E+3	29.362229E+3	13.661113E+3	0.000000E+0	0.000000E+0	0.000000E+0	106.377762E+3	25.000000	25.000000	25.000000	25.000000
2021-03-22 20:34:05	3.6992864453E+9	2.168169E-10	1.056455E+4	1.072753E+4	1.750140E+3	1.181381E+2	1.732971E+3	0.000000E+0	0.000000E+0	0.000000E+0	3.272415E+2	216.816903E-12	23.294068E+3	40.521575E+3	16.029816E+3	30.213591E+3	13.668626E+3	0.000000E+0	0.000000E+0	0.000000E+0	106.615779E+3	25.000000	25.000000	25.000000	25.000000
2021-03-22 20:34:58	3.6992864983E+9	2.168169E-10	1.056214E+4	1.072416E+4	1.750416E+3	1.186253E+2	1.732603E+3	0.000000E+0	0.000000E+0	0.000000E+0	3.282263E+2	216.816903E-12	23.343508E+3	40.653488E+3	16.007145E+3	29.922831E+3	13.674101E+3	0.000000E+0	0.000000E+0	0.000000E+0	106.846191E+3	25.000000	25.000000	25.000000	25.000000
2021-03-22 20:35:58	3.6992865581E+9	2.168169E-10	1.055951E+4	1.071978E+4	1.750577E+3	1.171704E+2	1.732128E+3	0.000000E+0	0.000000E+0	0.000000E+0	3.295340E+2	216.816903E-12	23.397613E+3	40.825994E+3	15.994025E+3	30.803200E+3	13.681017E+3	0.000000E+0	0.000000E+0	0.000000E+0	107.152208E+3	25.000000	25.000000	25.000000	25.000000
2021-03-22 20:36:50	3.6992866107E+9	2.168169E-10	1.055698E+4	1.071587E+4	1.750019E+3	1.187662E+2	1.731674E+3	0.000000E+0	0.000000E+0	0.000000E+0	3.305297E+2	216.816903E-12	23.449962E+3	40.981284E+3	16.039759E+3	29.839425E+3	13.687723E+3	0.000000E+0	0.000000E+0	0.000000E+0	107.385206E+3	25.000000	25.000000	25.000000	25.000000
2021-03-22 20:37:51	3.6992866713E+9	2.168169E-10	1.055432E+4	1.071424E+4	1.748816E+3	1.188970E+2	1.731212E+3	0.000000E+0	0.000000E+0	0.000000E+0	3.315734E+2	216.816903E-12	23.505033E+3	41.045852E+3	16.138925E+3	29.762335E+3	13.694384E+3	0.000000E+0	0.000000E+0	0.000000E+0	107.629482E+3	25.000000	25.000000	25.000000	25.000000
2021-03-22 20:38:50	3.6992867302E+9	2.168169E-10	1.055118E+4	1.070957E+4	1.748377E+3	1.186586E+2	1.730762E+3	0.000000E+0	0.000000E+0	0.000000E+0	3.326205E+2	216.816903E-12	23.570333E+3	41.232897E+3	16.175321E+3	29.903048E+3	13.700872E+3	0.000000E+0	0.000000E+0	0.000000E+0	107.874577E+3	25.000000	25.000000	25.000000	25.000000
2021-03-22 20:39:42	3.6992867828E+9	2.168169E-10	1.054836E+4	1.070623E+4	1.747594E+3	1.165515E+2	1.730378E+3	0.000000E+0	0.000000E+0	0.000000E+0	3.336399E+2	216.816903E-12	23.629349E+3	41.367363E+3	16.240597E+3	31.188856E+3	13.706403E+3	0.000000E+0	0.000000E+0	0.000000E+0	108.113213E+3	25.000000	25.000000	25.000000	25.000000
2021-03-22 20:40:35	3.6992868356E+9	2.168169E-10	1.054565E+4	1.070290E+4	1.747813E+3	1.189846E+2	1.729933E+3	0.000000E+0	0.000000E+0	0.000000E+0	3.346617E+2	216.816903E-12	23.686216E+3	41.502012E+3	16.222333E+3	29.710851E+3	13.712791E+3	0.000000E+0	0.000000E+0	0.000000E+0	108.352431E+3	25.000000	25.000000	25.000000	25.000000
2021-03-22 20:41:39	3.6992868992E+9	2.168169E-10	1.054299E+4	1.069964E+4	1.747320E+3	1.160711E+2	1.729407E+3	0.000000E+0	0.000000E+0	0.000000E+0	3.359931E+2	216.816903E-12	23.742216E+3	41.634496E+3	16.263593E+3	31.492946E+3	13.720206E+3	0.000000E+0	0.000000E+0	0.000000E+0	108.664182E+3	25.000000	25.000000	25.000000	25.000000
2021-03-22 20:42:31	3.6992869520E+9	2.168169E-10	1.053973E+4	1.069715E+4	1.748523E+3	1.184386E+2	1.729017E+3	0.000000E+0	0.000000E+0	0.000000E+0	3.370472E+2	216.816903E-12	23.811121E+3	41.736149E+3	16.163248E+3	30.033793E+3	13.725666E+3	0.000000E+0	0.000000E+0	0.000000E+0	108.911047E+3	25.000000	25.000000	25.000000	25.000000
2021-03-22 20:43:24	3.6992870049E+9	2.168169E-10	1.053702E+4	1.069679E+4	1.747187E+3	1.173451E+2	1.728550E+3	0.000000E+0	0.000000E+0	0.000000E+0	3.381185E+2	216.816903E-12	23.868752E+3	41.750864E+3	16.274712E+3	30.695599E+3	13.732112E+3	0.000000E+0	0.000000E+0	0.000000E+0	109.161956E+3	25.000000	25.000000	25.000000	25.000000
2021-03-22 20:44:25	3.6992870656E+9	2.168169E-10	1.053414E+4	1.069077E+4	1.748478E+3	1.179504E+2	1.728050E+3	0.000000E+0	0.000000E+0	0.000000E+0	3.392950E+2	216.816903E-12	23.930024E+3	41.998283E+3	16.167006E+3	30.326737E+3	13.739078E+3	0.000000E+0	0.000000E+0	0.000000E+0	109.437530E+3	25.000000	25.000000	25.000000	25.000000
2021-03-22 20:45:18	3.6992871183E+9	2.168169E-10	1.053093E+4	1.068818E+4	1.746268E+3	1.178413E+2	1.727607E+3	0.000000E+0	0.000000E+0	0.000000E+0	3.403996E+2	216.816903E-12	23.998822E+3	42.105535E+3	16.352049E+3	30.392745E+3	13.745131E+3	0.000000E+0	0.000000E+0	0.000000E+0	109.696316E+3	25.000000	25.000000	25.000000	25.000000
