#

Date1	Date2	R0	R1	R2	R3	R4	R5	R6	R7	R8	R9	T0	T1	T2	T3	T4	T5	T6	T7	T8	T9	I0	I1	I2	I3
Date(String)	Date(Number)	C_still	3K	Still	MC - TT1810	MC - Cernox	50 mK				50K	C_still	3K	Still	MC - TT1810	MC - Cernox	50 mK				50K	Sorb3K	3K	Still	MC
		No Calibration	RuO2-10K-NEW	RuO2 10k	TT-1810	CernoxA - mk	RuO2 1k5	No Calibration	No Calibration	No Calibration	PT1000	No Calibration	RuO2-10K-NEW	RuO2 10k	TT-1810	CernoxA - mk	RuO2 1k5	No Calibration	No Calibration	No Calibration	PT1000				
2021-03-22 15:49:19	3.6992693599E+9	1.566588E-10	1.517862E+4	4.988876E+4	0.000000E+0	0.000000E+0	0.000000E+0	0.000000E+0	0.000000E+0	0.000000E+0	0.000000E+0	156.658771E-12	3.620830E+3	1.008327E+3	NaN	NaN	0.000000E+0	0.000000E+0	0.000000E+0	0.000000E+0	-Inf	0.000000	0.000000	0.000000	0.000000
2021-03-22 15:51:21	3.6992694813E+9	1.941080E-10	1.517826E+4	4.987758E+4	2.375394E+4	0.000000E+0	0.000000E+0	0.000000E+0	0.000000E+0	0.000000E+0	0.000000E+0	194.108045E-12	3.621078E+3	1.008537E+3	32.340844E+0	NaN	0.000000E+0	0.000000E+0	0.000000E+0	0.000000E+0	-Inf	0.000000	0.000000	0.000000	0.000000
2021-03-22 15:52:49	3.6992695697E+9	2.274325E-10	1.517645E+4	4.982148E+4	2.376222E+4	1.346372E+5	5.391105E+3	0.000000E+0	0.000000E+0	0.000000E+0	0.000000E+0	227.432461E-12	3.622315E+3	1.009588E+3	32.324710E+0	65.541287E+0	168.160728E+0	0.000000E+0	0.000000E+0	0.000000E+0	-Inf	0.000000	0.000000	0.000000	0.000000
2021-03-22 15:53:28	3.6992696086E+9	2.337439E-10	1.517665E+4	4.990054E+4	2.376117E+4	1.336681E+5	5.393673E+3	0.000000E+0	0.000000E+0	0.000000E+0	0.000000E+0	233.743936E-12	3.622175E+3	1.008107E+3	32.326758E+0	66.273825E+0	167.950256E+0	0.000000E+0	0.000000E+0	0.000000E+0	-Inf	0.000000	0.000000	0.000000	0.000000
2021-03-22 15:54:09	3.6992696497E+9	2.460591E-10	1.517737E+4	4.987799E+4	2.375678E+4	1.374179E+5	5.392573E+3	0.000000E+0	0.000000E+0	0.000000E+0	0.000000E+0	246.059147E-12	3.621686E+3	1.008529E+3	32.335302E+0	63.438660E+0	168.040176E+0	0.000000E+0	0.000000E+0	0.000000E+0	-Inf	0.000000	0.000000	0.000000	0.000000
2021-03-22 15:54:46	3.6992696866E+9	2.581343E-10	1.517631E+4	4.996720E+4	2.370575E+4	1.360493E+5	5.392426E+3	0.000000E+0	0.000000E+0	0.000000E+0	0.000000E+0	258.134253E-12	3.622406E+3	1.006862E+3	32.435022E+0	64.473465E+0	168.052677E+0	0.000000E+0	0.000000E+0	0.000000E+0	-Inf	0.000000	0.000000	0.000000	0.000000
2021-03-22 15:55:25	3.6992697253E+9	2.498826E-10	1.517752E+4	4.987755E+4	2.371919E+4	1.373892E+5	5.392324E+3	0.000000E+0	0.000000E+0	0.000000E+0	0.000000E+0	249.882645E-12	3.621580E+3	1.008537E+3	32.408725E+0	63.460338E+0	168.061049E+0	0.000000E+0	0.000000E+0	0.000000E+0	-Inf	0.000000	0.000000	0.000000	0.000000
2021-03-22 15:56:02	3.6992697624E+9	2.625041E-10	1.517882E+4	4.995058E+4	2.370699E+4	1.349921E+5	5.391514E+3	0.000000E+0	0.000000E+0	0.000000E+0	0.000000E+0	262.504084E-12	3.620694E+3	1.007172E+3	32.432601E+0	65.272891E+0	168.126562E+0	0.000000E+0	0.000000E+0	0.000000E+0	-Inf	0.000000	0.000000	0.000000	0.000000
2021-03-22 15:56:39	3.6992697992E+9	2.472457E-10	1.517689E+4	4.993510E+4	2.371313E+4	1.366519E+5	5.393679E+3	0.000000E+0	0.000000E+0	0.000000E+0	0.000000E+0	247.245673E-12	3.622013E+3	1.007461E+3	32.420574E+0	64.017760E+0	167.949421E+0	0.000000E+0	0.000000E+0	0.000000E+0	-Inf	0.000000	0.000000	0.000000	0.000000
2021-03-22 15:57:18	3.6992698381E+9	2.547707E-10	1.517620E+4	4.994955E+4	2.370920E+4	1.317288E+5	5.394052E+3	0.000000E+0	0.000000E+0	0.000000E+0	0.000000E+0	254.770745E-12	3.622483E+3	1.007191E+3	32.428278E+0	67.738169E+0	167.918093E+0	0.000000E+0	0.000000E+0	0.000000E+0	-Inf	0.000000	0.000000	0.000000	0.000000
2021-03-22 15:57:57	3.6992698770E+9	2.444480E-10	1.517905E+4	4.994270E+4	2.371372E+4	1.361416E+5	5.391735E+3	0.000000E+0	0.000000E+0	0.000000E+0	0.000000E+0	244.447979E-12	3.620543E+3	1.007319E+3	32.419412E+0	64.403620E+0	168.109321E+0	0.000000E+0	0.000000E+0	0.000000E+0	-Inf	0.000000	0.000000	0.000000	0.000000
2021-03-22 15:58:36	3.6992699162E+9	2.439884E-10	1.517895E+4	4.991529E+4	2.372866E+4	1.284478E+5	5.392955E+3	0.000000E+0	0.000000E+0	0.000000E+0	0.000000E+0	243.988400E-12	3.620609E+3	1.007831E+3	32.390207E+0	70.206038E+0	168.009587E+0	0.000000E+0	0.000000E+0	0.000000E+0	-Inf	0.000000	0.000000	0.000000	0.000000
2021-03-22 15:59:15	3.6992699550E+9	2.335381E-10	1.517685E+4	4.998228E+4	2.373113E+4	1.354820E+5	5.391901E+3	0.000000E+0	0.000000E+0	0.000000E+0	0.000000E+0	233.538112E-12	3.622039E+3	1.006580E+3	32.385372E+0	64.902429E+0	168.095928E+0	0.000000E+0	0.000000E+0	0.000000E+0	-Inf	0.000000	0.000000	0.000000	0.000000
2021-03-22 15:59:53	3.6992699939E+9	2.375004E-10	1.518014E+4	4.991572E+4	2.371367E+4	1.372373E+5	5.390201E+3	0.000000E+0	0.000000E+0	0.000000E+0	0.000000E+0	237.500378E-12	3.619795E+3	1.007823E+3	32.419523E+0	63.575208E+0	168.235353E+0	0.000000E+0	0.000000E+0	0.000000E+0	-Inf	0.000000	0.000000	0.000000	0.000000
2021-03-22 16:00:32	3.6992700328E+9	2.347065E-10	1.517899E+4	4.997213E+4	2.371667E+4	1.236198E+5	5.389678E+3	0.000000E+0	0.000000E+0	0.000000E+0	0.000000E+0	234.706517E-12	3.620576E+3	1.006770E+3	32.413642E+0	73.798329E+0	168.278732E+0	0.000000E+0	0.000000E+0	0.000000E+0	-Inf	0.000000	0.000000	0.000000	0.000000
2021-03-22 16:01:53	3.6992701136E+9	2.341149E-10	1.517766E+4	4.996024E+4	2.372623E+4	1.289883E+5	5.390253E+3	0.000000E+0	0.000000E+0	0.000000E+0	0.000000E+0	234.114929E-12	3.621486E+3	1.006991E+3	32.394948E+0	69.800587E+0	168.231197E+0	0.000000E+0	0.000000E+0	0.000000E+0	-Inf	0.000000	0.000000	0.000000	0.000000
2021-03-22 16:02:47	3.6992701677E+9	2.420789E-10	1.517459E+4	4.995390E+4	2.368417E+4	1.357916E+5	5.390638E+3	0.000000E+0	0.000000E+0	0.000000E+0	0.000000E+0	242.078891E-12	3.623581E+3	1.007110E+3	32.477330E+0	64.668367E+0	168.198720E+0	0.000000E+0	0.000000E+0	0.000000E+0	-Inf	0.000000	0.000000	0.000000	0.000000
2021-03-22 16:03:42	3.6992702222E+9	2.439487E-10	1.517153E+4	4.989767E+4	2.369753E+4	1.326501E+5	5.391832E+3	0.000000E+0	0.000000E+0	0.000000E+0	0.000000E+0	243.948658E-12	3.625672E+3	1.008161E+3	32.451125E+0	67.042888E+0	168.101142E+0	0.000000E+0	0.000000E+0	0.000000E+0	-Inf	0.000000	0.000000	0.000000	0.000000
2021-03-22 16:04:38	3.6992702786E+9	2.421262E-10	1.516803E+4	4.999693E+4	2.370684E+4	1.309635E+5	5.392608E+3	0.000000E+0	0.000000E+0	0.000000E+0	0.000000E+0	242.126214E-12	3.628070E+3	1.006307E+3	32.432890E+0	68.315084E+0	168.037028E+0	0.000000E+0	0.000000E+0	0.000000E+0	-Inf	0.000000	0.000000	0.000000	0.000000
2021-03-22 16:05:34	3.6992703342E+9	2.447044E-10	1.525072E+4	5.537688E+4	2.324718E+4	1.280483E+5	5.392503E+3	0.000000E+0	0.000000E+0	0.000000E+0	0.000000E+0	244.704374E-12	3.572346E+3	914.909953E+0	33.352118E+0	70.505296E+0	168.045089E+0	0.000000E+0	0.000000E+0	0.000000E+0	-Inf	0.000000	0.000000	0.000000	0.000000
2021-03-22 16:06:26	3.6992703862E+9	2.429312E-10	1.525524E+4	6.807542E+4	2.374654E+4	1.343910E+5	5.380357E+3	0.000000E+0	0.000000E+0	0.000000E+0	0.000000E+0	242.931190E-12	3.569349E+3	756.209599E+0	32.355284E+0	65.727406E+0	169.047481E+0	0.000000E+0	0.000000E+0	0.000000E+0	-Inf	0.000000	0.000000	0.000000	0.000000
2021-03-22 16:07:20	3.6992704407E+9	2.336372E-10	1.525689E+4	7.150306E+4	2.409117E+4	1.284812E+5	5.353576E+3	0.000000E+0	0.000000E+0	0.000000E+0	0.000000E+0	233.637193E-12	3.568252E+3	723.867038E+0	31.692753E+0	70.180939E+0	171.289591E+0	0.000000E+0	0.000000E+0	0.000000E+0	-Inf	0.000000	0.000000	0.000000	0.000000
2021-03-22 16:08:13	3.6992704930E+9	2.249262E-10	1.526311E+4	7.101951E+4	2.440082E+4	1.320499E+5	5.343198E+3	0.000000E+0	0.000000E+0	0.000000E+0	0.000000E+0	224.926196E-12	3.564145E+3	728.211880E+0	31.113758E+0	67.495931E+0	172.169992E+0	0.000000E+0	0.000000E+0	0.000000E+0	-Inf	0.000000	0.000000	0.000000	0.000000
2021-03-22 16:09:05	3.6992705454E+9	2.222002E-10	1.526052E+4	7.104782E+4	2.467896E+4	1.368741E+5	5.337626E+3	0.000000E+0	0.000000E+0	0.000000E+0	0.000000E+0	222.200213E-12	3.565855E+3	727.955616E+0	30.605929E+0	63.849770E+0	172.646612E+0	0.000000E+0	0.000000E+0	0.000000E+0	-Inf	0.000000	0.000000	0.000000	0.000000
2021-03-22 16:10:00	3.6992706009E+9	2.134147E-10	1.526542E+4	7.155765E+4	2.496308E+4	1.362601E+5	5.341959E+3	0.000000E+0	0.000000E+0	0.000000E+0	0.000000E+0	213.414718E-12	3.562617E+3	723.380812E+0	30.098390E+0	64.314045E+0	172.277439E+0	0.000000E+0	0.000000E+0	0.000000E+0	-Inf	0.000000	0.000000	0.000000	0.000000
2021-03-22 16:10:53	3.6992706533E+9	2.148039E-10	1.525965E+4	7.176435E+4	2.523053E+4	1.342876E+5	5.344712E+3	0.000000E+0	0.000000E+0	0.000000E+0	0.000000E+0	214.803924E-12	3.566428E+3	721.547497E+0	29.630362E+0	65.805575E+0	172.041838E+0	0.000000E+0	0.000000E+0	0.000000E+0	-Inf	0.000000	0.000000	0.000000	0.000000
2021-03-22 16:11:47	3.6992707078E+9	2.114039E-10	1.525956E+4	7.184717E+4	2.547796E+4	1.343246E+5	5.354886E+3	0.000000E+0	0.000000E+0	0.000000E+0	0.000000E+0	211.403864E-12	3.566487E+3	720.816473E+0	29.205238E+0	65.777618E+0	171.179066E+0	0.000000E+0	0.000000E+0	0.000000E+0	-Inf	0.000000	0.000000	0.000000	0.000000
2021-03-22 16:12:42	3.6992707622E+9	2.118193E-10	1.525906E+4	7.164534E+4	2.569833E+4	1.341493E+5	5.363297E+3	0.000000E+0	0.000000E+0	0.000000E+0	0.000000E+0	211.819251E-12	3.566820E+3	722.601574E+0	28.832643E+0	65.910111E+0	170.470617E+0	0.000000E+0	0.000000E+0	0.000000E+0	-Inf	0.000000	0.000000	0.000000	0.000000
2021-03-22 16:13:34	3.6992708144E+9	2.090880E-10	1.526637E+4	7.160732E+4	2.592459E+4	1.318922E+5	5.371204E+3	0.000000E+0	0.000000E+0	0.000000E+0	0.000000E+0	209.088033E-12	3.561990E+3	722.939169E+0	28.455670E+0	67.614893E+0	169.809917E+0	0.000000E+0	0.000000E+0	0.000000E+0	-Inf	0.000000	0.000000	0.000000	0.000000
2021-03-22 16:14:31	3.6992708710E+9	2.138183E-10	1.526292E+4	7.179789E+4	2.611867E+4	1.373771E+5	5.375917E+3	0.000000E+0	0.000000E+0	0.000000E+0	0.000000E+0	213.818270E-12	3.564270E+3	721.251258E+0	28.136587E+0	63.469508E+0	169.416190E+0	0.000000E+0	0.000000E+0	0.000000E+0	-Inf	0.000000	0.000000	0.000000	0.000000
2021-03-22 16:15:23	3.6992709232E+9	2.169184E-10	1.526355E+4	7.181236E+4	2.629295E+4	1.362739E+5	5.375866E+3	0.000000E+0	0.000000E+0	0.000000E+0	0.000000E+0	216.918417E-12	3.563853E+3	721.123491E+0	27.853275E+0	64.303608E+0	169.419690E+0	0.000000E+0	0.000000E+0	0.000000E+0	-Inf	0.000000	0.000000	0.000000	0.000000
2021-03-22 16:16:23	3.6992709840E+9	2.219996E-10	1.526504E+4	7.169467E+4	2.649088E+4	1.329528E+5	5.371061E+3	0.000000E+0	0.000000E+0	0.000000E+0	0.000000E+0	221.999640E-12	3.562869E+3	722.164207E+0	27.535035E+0	66.814294E+0	169.821302E+0	0.000000E+0	0.000000E+0	0.000000E+0	-Inf	0.000000	0.000000	0.000000	0.000000
2021-03-22 16:17:18	3.6992710382E+9	2.252716E-10	1.526961E+4	7.159377E+4	2.664393E+4	1.385462E+5	5.358095E+3	0.000000E+0	0.000000E+0	0.000000E+0	0.000000E+0	225.271617E-12	3.559860E+3	723.059547E+0	27.291418E+0	62.586102E+0	170.907122E+0	0.000000E+0	0.000000E+0	0.000000E+0	-Inf	0.000000	0.000000	0.000000	0.000000
2021-03-22 16:18:14	3.6992710947E+9	2.323903E-10	1.527083E+4	7.154319E+4	2.679571E+4	1.385131E+5	5.351680E+3	0.000000E+0	0.000000E+0	0.000000E+0	0.000000E+0	232.390297E-12	3.559055E+3	723.509537E+0	27.051843E+0	62.611098E+0	171.450542E+0	0.000000E+0	0.000000E+0	0.000000E+0	-Inf	0.000000	0.000000	0.000000	0.000000
2021-03-22 16:19:08	3.6992711490E+9	2.222363E-10	1.527306E+4	7.151126E+4	2.691640E+4	1.331003E+5	5.350270E+3	0.000000E+0	0.000000E+0	0.000000E+0	0.000000E+0	222.236289E-12	3.557584E+3	723.793936E+0	26.862729E+0	66.702873E+0	171.569601E+0	0.000000E+0	0.000000E+0	0.000000E+0	-Inf	0.000000	0.000000	0.000000	0.000000
2021-03-22 16:20:01	3.6992712015E+9	2.316964E-10	1.527236E+4	7.162765E+4	2.703197E+4	1.321283E+5	5.346946E+3	0.000000E+0	0.000000E+0	0.000000E+0	0.000000E+0	231.696421E-12	3.558044E+3	722.758537E+0	26.682743E+0	67.436785E+0	171.851284E+0	0.000000E+0	0.000000E+0	0.000000E+0	-Inf	0.000000	0.000000	0.000000	0.000000
2021-03-22 16:20:53	3.6992712538E+9	2.363198E-10	1.526741E+4	7.166892E+4	2.710471E+4	1.414555E+5	5.349100E+3	0.000000E+0	0.000000E+0	0.000000E+0	0.000000E+0	236.319762E-12	3.561303E+3	722.392412E+0	26.570018E+0	60.392589E+0	171.668904E+0	0.000000E+0	0.000000E+0	0.000000E+0	-Inf	0.000000	0.000000	0.000000	0.000000
2021-03-22 16:21:46	3.6992713061E+9	2.532325E-10	1.527340E+4	7.157808E+4	2.720513E+4	1.378831E+5	5.350383E+3	0.000000E+0	0.000000E+0	0.000000E+0	0.000000E+0	253.232489E-12	3.557363E+3	723.199046E+0	26.415062E+0	63.087095E+0	171.559971E+0	0.000000E+0	0.000000E+0	0.000000E+0	-Inf	0.000000	0.000000	0.000000	0.000000
2021-03-22 16:22:38	3.6992713585E+9	2.709174E-10	1.527159E+4	7.108833E+4	2.725975E+4	1.409043E+5	5.353038E+3	0.000000E+0	0.000000E+0	0.000000E+0	0.000000E+0	270.917383E-12	3.558556E+3	727.589245E+0	26.331099E+0	60.807497E+0	171.335433E+0	0.000000E+0	0.000000E+0	0.000000E+0	-Inf	0.000000	0.000000	0.000000	0.000000
2021-03-22 16:23:30	3.6992714109E+9	2.501658E-10	1.527204E+4	6.054610E+4	2.732803E+4	1.320730E+5	5.351593E+3	0.000000E+0	0.000000E+0	0.000000E+0	0.000000E+0	250.165824E-12	3.558258E+3	841.841802E+0	26.226457E+0	67.478473E+0	171.458354E+0	0.000000E+0	0.000000E+0	0.000000E+0	-Inf	0.000000	0.000000	0.000000	0.000000
2021-03-22 16:24:23	3.6992714633E+9	2.505366E-10	1.512027E+4	6.054610E+4	2.729526E+4	1.401297E+5	5.315367E+3	0.000000E+0	0.000000E+0	0.000000E+0	0.000000E+0	250.536605E-12	3.661072E+3	841.841802E+0	26.276635E+0	61.391169E+0	174.569378E+0	0.000000E+0	0.000000E+0	0.000000E+0	-Inf	0.000000	0.000000	0.000000	0.000000
2021-03-22 16:25:54	3.6992715543E+9	2.344204E-10	1.517327E+4	2.695041E+4	2.730292E+4	1.411588E+5	5.379032E+3	0.000000E+0	0.000000E+0	0.000000E+0	0.000000E+0	234.420437E-12	3.624487E+3	1.840146E+3	26.264899E+0	60.615910E+0	169.158104E+0	0.000000E+0	0.000000E+0	0.000000E+0	-Inf	0.000000	0.000000	0.000000	0.000000
2021-03-22 16:26:38	3.6992715988E+9	2.215579E-10	1.520760E+4	2.689995E+4	2.708017E+4	1.397183E+5	5.450914E+3	0.000000E+0	0.000000E+0	0.000000E+0	0.000000E+0	221.557892E-12	3.601182E+3	1.844551E+3	26.608011E+0	61.701359E+0	163.354891E+0	0.000000E+0	0.000000E+0	0.000000E+0	-Inf	0.000000	0.000000	0.000000	0.000000
2021-03-22 16:27:34	3.6992716549E+9	2.197955E-10	1.520906E+4	2.614987E+4	2.654699E+4	1.340447E+5	5.455006E+3	0.000000E+0	0.000000E+0	0.000000E+0	0.000000E+0	219.795512E-12	3.600194E+3	1.914072E+3	27.445485E+0	65.989220E+0	163.033873E+0	0.000000E+0	0.000000E+0	0.000000E+0	-Inf	0.000000	0.000000	0.000000	0.000000
2021-03-22 16:28:27	3.6992717072E+9	2.229774E-10	1.520789E+4	2.585484E+4	2.580785E+4	1.309402E+5	5.466421E+3	0.000000E+0	0.000000E+0	0.000000E+0	0.000000E+0	222.977432E-12	3.600985E+3	1.943663E+3	28.649476E+0	68.332636E+0	162.143089E+0	0.000000E+0	0.000000E+0	0.000000E+0	-Inf	0.000000	0.000000	0.000000	0.000000
2021-03-22 16:29:19	3.6992717597E+9	2.233905E-10	1.527164E+4	5.826948E+4	2.494695E+4	1.389071E+5	5.466866E+3	0.000000E+0	0.000000E+0	0.000000E+0	0.000000E+0	223.390520E-12	3.558519E+3	872.413051E+0	30.126923E+0	62.313558E+0	162.108366E+0	0.000000E+0	0.000000E+0	0.000000E+0	-Inf	0.000000	0.000000	0.000000	0.000000
2021-03-22 16:30:11	3.6992718118E+9	2.130515E-10	1.527106E+4	6.326989E+4	2.503009E+4	1.356120E+5	5.415018E+3	0.000000E+0	0.000000E+0	0.000000E+0	0.000000E+0	213.051493E-12	3.558900E+3	808.291055E+0	29.980270E+0	64.804178E+0	166.212819E+0	0.000000E+0	0.000000E+0	0.000000E+0	-Inf	0.000000	0.000000	0.000000	0.000000
2021-03-22 16:31:04	3.6992718641E+9	2.119919E-10	1.527078E+4	5.594313E+4	2.475289E+4	1.338903E+5	5.352754E+3	0.000000E+0	0.000000E+0	0.000000E+0	0.000000E+0	211.991905E-12	3.559085E+3	906.250889E+0	30.472794E+0	66.105887E+0	171.359308E+0	0.000000E+0	0.000000E+0	0.000000E+0	-Inf	0.000000	0.000000	0.000000	0.000000
2021-03-22 16:34:11	3.6992720517E+9	2.155758E-10	1.524607E+4	5.250416E+4	2.385964E+4	1.274160E+5	5.215039E+3	0.000000E+0	0.000000E+0	0.000000E+0	0.000000E+0	215.575755E-12	3.575428E+3	961.570149E+0	32.135659E+0	70.978405E+0	183.660129E+0	0.000000E+0	0.000000E+0	0.000000E+0	-Inf	0.000000	0.000000	0.000000	0.000000
2021-03-22 16:35:02	3.6992721028E+9	2.220359E-10	1.521909E+4	4.347918E+4	2.363734E+4	1.305515E+5	4.367746E+3	0.000000E+0	0.000000E+0	0.000000E+0	0.000000E+0	222.035928E-12	3.593452E+3	1.143415E+3	32.569417E+0	68.625401E+0	302.104875E+0	0.000000E+0	0.000000E+0	0.000000E+0	-Inf	0.000000	0.000000	0.000000	0.000000
2021-03-22 16:36:00	3.6992721610E+9	2.297311E-10	1.518783E+4	3.511517E+4	2.333265E+4	1.328837E+5	4.311155E+3	0.000000E+0	0.000000E+0	0.000000E+0	0.000000E+0	229.731077E-12	3.614566E+3	1.387247E+3	33.178239E+0	66.866493E+0	313.996249E+0	0.000000E+0	0.000000E+0	0.000000E+0	-Inf	0.000000	0.000000	0.000000	0.000000
2021-03-22 16:36:59	3.6992722192E+9	2.238936E-10	1.519861E+4	3.363374E+4	2.307606E+4	1.291456E+5	4.141344E+3	0.000000E+0	0.000000E+0	0.000000E+0	0.000000E+0	223.893619E-12	3.607257E+3	1.444854E+3	33.704516E+0	69.682477E+0	354.325044E+0	0.000000E+0	0.000000E+0	0.000000E+0	-Inf	0.000000	0.000000	0.000000	0.000000
2021-03-22 16:37:57	3.6992722774E+9	2.215382E-10	1.521698E+4	3.209184E+4	2.286719E+4	1.232480E+5	4.324038E+3	0.000000E+0	0.000000E+0	0.000000E+0	0.000000E+0	221.538243E-12	3.594864E+3	1.512762E+3	34.142578E+0	74.072239E+0	311.225631E+0	0.000000E+0	0.000000E+0	0.000000E+0	-Inf	0.000000	0.000000	0.000000	0.000000
2021-03-22 16:38:55	3.6992723357E+9	2.274040E-10	1.519056E+4	2.907766E+4	2.260908E+4	1.297174E+5	4.346486E+3	0.000000E+0	0.000000E+0	0.000000E+0	0.000000E+0	227.403952E-12	3.612708E+3	1.679757E+3	34.696565E+0	69.252961E+0	306.488686E+0	0.000000E+0	0.000000E+0	0.000000E+0	-Inf	0.000000	0.000000	0.000000	0.000000
2021-03-22 16:39:58	3.6992723986E+9	2.245791E-10	1.516832E+4	2.478082E+4	2.230031E+4	1.296579E+5	4.126813E+3	0.000000E+0	0.000000E+0	0.000000E+0	0.000000E+0	224.579073E-12	3.627871E+3	2.063943E+3	35.378641E+0	69.297664E+0	358.138059E+0	0.000000E+0	0.000000E+0	0.000000E+0	-Inf	0.000000	0.000000	0.000000	0.000000
2021-03-22 16:40:56	3.6992724568E+9	2.390995E-10	1.514380E+4	2.308728E+4	2.198515E+4	1.232002E+5	3.886015E+3	0.000000E+0	0.000000E+0	0.000000E+0	0.000000E+0	239.099513E-12	3.644740E+3	2.304641E+3	36.097966E+0	74.107441E+0	431.611244E+0	0.000000E+0	0.000000E+0	0.000000E+0	-Inf	0.000000	0.000000	0.000000	0.000000
2021-03-22 16:41:55	3.6992725153E+9	2.394997E-10	1.513099E+4	2.208297E+4	2.159933E+4	1.276505E+5	3.692553E+3	0.000000E+0	0.000000E+0	0.000000E+0	0.000000E+0	239.499674E-12	3.653614E+3	2.487254E+3	37.012688E+0	70.803027E+0	508.468233E+0	0.000000E+0	0.000000E+0	0.000000E+0	-Inf	0.000000	0.000000	0.000000	0.000000
2021-03-22 16:42:53	3.6992725733E+9	2.291668E-10	1.512620E+4	2.122575E+4	2.116177E+4	1.284341E+5	3.549355E+3	0.000000E+0	0.000000E+0	0.000000E+0	0.000000E+0	229.166825E-12	3.656943E+3	2.674588E+3	38.099228E+0	70.216272E+0	579.360147E+0	0.000000E+0	0.000000E+0	0.000000E+0	-Inf	0.000000	0.000000	0.000000	0.000000
2021-03-22 16:43:51	3.6992726316E+9	2.251143E-10	1.512337E+4	2.062927E+4	2.062535E+4	1.273518E+5	3.434250E+3	0.000000E+0	0.000000E+0	0.000000E+0	0.000000E+0	225.114270E-12	3.658911E+3	2.826118E+3	39.509440E+0	71.026371E+0	647.619012E+0	0.000000E+0	0.000000E+0	0.000000E+0	-Inf	0.000000	0.000000	0.000000	0.000000
2021-03-22 16:44:50	3.6992726905E+9	2.239091E-10	1.512305E+4	2.016560E+4	2.003710E+4	1.285845E+5	3.339736E+3	0.000000E+0	0.000000E+0	0.000000E+0	0.000000E+0	223.909085E-12	3.659135E+3	2.958192E+3	41.165890E+0	70.103541E+0	713.069597E+0	0.000000E+0	0.000000E+0	0.000000E+0	-Inf	0.000000	0.000000	0.000000	0.000000
2021-03-22 16:45:48	3.6992727487E+9	2.226517E-10	1.512218E+4	1.981601E+4	1.936969E+4	1.226702E+5	3.261938E+3	0.000000E+0	0.000000E+0	0.000000E+0	0.000000E+0	222.651704E-12	3.659741E+3	3.067206E+3	43.202480E+0	74.497142E+0	774.652996E+0	0.000000E+0	0.000000E+0	0.000000E+0	-Inf	0.000000	0.000000	0.000000	0.000000
2021-03-22 16:46:47	3.6992728071E+9	2.307780E-10	1.512948E+4	1.959641E+4	1.879785E+4	1.206669E+5	3.225554E+3	0.000000E+0	0.000000E+0	0.000000E+0	0.000000E+0	230.777992E-12	3.654665E+3	3.140265E+3	45.097684E+0	75.960870E+0	806.236468E+0	0.000000E+0	0.000000E+0	0.000000E+0	-Inf	0.000000	0.000000	0.000000	0.000000
2021-03-22 16:47:45	3.6992728655E+9	2.426058E-10	1.512988E+4	1.939330E+4	1.823297E+4	1.116348E+5	3.180380E+3	0.000000E+0	0.000000E+0	0.000000E+0	0.000000E+0	242.605822E-12	3.654382E+3	3.211241E+3	47.123531E+0	82.327458E+0	848.200247E+0	0.000000E+0	0.000000E+0	0.000000E+0	-Inf	0.000000	0.000000	0.000000	0.000000
2021-03-22 16:48:43	3.6992729239E+9	2.396518E-10	1.512907E+4	1.918018E+4	1.767223E+4	1.144114E+5	3.146940E+3	0.000000E+0	0.000000E+0	0.000000E+0	0.000000E+0	239.651766E-12	3.654945E+3	3.289460E+3	49.304049E+0	80.417615E+0	881.420371E+0	0.000000E+0	0.000000E+0	0.000000E+0	-Inf	0.000000	0.000000	0.000000	0.000000
2021-03-22 16:49:42	3.6992729821E+9	2.423386E-10	1.512475E+4	1.896642E+4	1.707620E+4	1.087106E+5	3.104544E+3	0.000000E+0	0.000000E+0	0.000000E+0	0.000000E+0	242.338634E-12	3.657955E+3	3.372031E+3	51.830199E+0	84.283874E+0	926.426838E+0	0.000000E+0	0.000000E+0	0.000000E+0	-Inf	0.000000	0.000000	0.000000	0.000000
2021-03-22 16:50:40	3.6992730406E+9	2.381090E-10	1.512624E+4	1.878716E+4	1.650392E+4	1.018429E+5	3.072425E+3	0.000000E+0	0.000000E+0	0.000000E+0	0.000000E+0	238.109031E-12	3.656912E+3	3.444663E+3	54.483663E+0	88.618736E+0	962.876639E+0	0.000000E+0	0.000000E+0	0.000000E+0	-Inf	0.000000	0.000000	0.000000	0.000000
2021-03-22 16:51:38	3.6992730987E+9	2.334644E-10	1.512751E+4	1.862502E+4	1.593883E+4	9.365817E+4	3.044196E+3	0.000000E+0	0.000000E+0	0.000000E+0	0.000000E+0	233.464422E-12	3.656028E+3	3.513187E+3	57.351818E+0	93.214508E+0	996.730200E+0	0.000000E+0	0.000000E+0	0.000000E+0	-Inf	0.000000	0.000000	0.000000	0.000000
2021-03-22 16:52:37	3.6992731570E+9	2.206483E-10	1.512567E+4	1.847219E+4	1.545209E+4	8.828422E+4	3.024882E+3	0.000000E+0	0.000000E+0	0.000000E+0	0.000000E+0	220.648306E-12	3.657308E+3	3.580369E+3	60.044784E+0	95.840331E+0	1.020941E+3	0.000000E+0	0.000000E+0	0.000000E+0	-Inf	0.000000	0.000000	0.000000	0.000000
2021-03-22 16:53:35	3.6992732152E+9	2.186302E-10	1.512519E+4	1.834119E+4	1.498853E+4	8.870575E+4	3.006752E+3	0.000000E+0	0.000000E+0	0.000000E+0	0.000000E+0	218.630187E-12	3.657644E+3	3.640064E+3	62.823951E+0	95.646389E+0	1.044489E+3	0.000000E+0	0.000000E+0	0.000000E+0	-Inf	0.000000	0.000000	0.000000	0.000000
2021-03-22 16:54:33	3.6992732735E+9	2.126225E-10	1.512282E+4	1.822898E+4	1.455922E+4	8.106773E+4	2.994129E+3	0.000000E+0	0.000000E+0	0.000000E+0	0.000000E+0	212.622484E-12	3.659299E+3	3.692816E+3	65.605574E+0	98.829350E+0	1.061372E+3	0.000000E+0	0.000000E+0	0.000000E+0	-Inf	0.000000	0.000000	0.000000	0.000000
2021-03-22 16:55:31	3.6992733317E+9	2.186581E-10	1.512428E+4	1.813438E+4	1.417452E+4	7.419685E+4	2.983409E+3	0.000000E+0	0.000000E+0	0.000000E+0	0.000000E+0	218.658118E-12	3.658277E+3	3.738493E+3	68.286236E+0	101.083710E+0	1.076038E+3	0.000000E+0	0.000000E+0	0.000000E+0	-Inf	0.000000	0.000000	0.000000	0.000000
2021-03-22 16:56:30	3.6992733900E+9	2.231186E-10	1.512404E+4	1.804296E+4	1.381426E+4	6.750567E+4	2.983436E+3	0.000000E+0	0.000000E+0	0.000000E+0	0.000000E+0	223.118594E-12	3.658447E+3	3.783720E+3	70.974267E+0	102.743660E+0	1.075999E+3	0.000000E+0	0.000000E+0	0.000000E+0	-Inf	0.000000	0.000000	0.000000	0.000000
2021-03-22 16:57:28	3.6992734484E+9	2.246345E-10	1.512214E+4	1.796521E+4	1.347075E+4	6.418059E+4	2.972163E+3	0.000000E+0	0.000000E+0	0.000000E+0	0.000000E+0	224.634467E-12	3.659771E+3	3.823049E+3	73.712968E+0	103.391557E+0	1.091753E+3	0.000000E+0	0.000000E+0	0.000000E+0	-Inf	0.000000	0.000000	0.000000	0.000000
2021-03-22 16:58:26	3.6992735068E+9	2.197509E-10	1.512131E+4	1.789542E+4	1.315833E+4	6.183291E+4	2.961299E+3	0.000000E+0	0.000000E+0	0.000000E+0	0.000000E+0	219.750880E-12	3.660350E+3	3.859047E+3	76.366859E+0	103.788071E+0	1.107277E+3	0.000000E+0	0.000000E+0	0.000000E+0	-Inf	0.000000	0.000000	0.000000	0.000000
2021-03-22 16:59:25	3.6992735652E+9	2.210801E-10	1.512046E+4	1.783168E+4	1.288772E+4	5.507286E+4	2.958284E+3	0.000000E+0	0.000000E+0	0.000000E+0	0.000000E+0	221.080107E-12	3.660941E+3	3.892519E+3	78.802221E+0	104.718649E+0	1.111649E+3	0.000000E+0	0.000000E+0	0.000000E+0	-Inf	0.000000	0.000000	0.000000	0.000000
2021-03-22 17:00:28	3.6992736289E+9	2.472590E-10	1.512421E+4	1.777055E+4	1.263663E+4	5.102609E+4	2.956861E+3	0.000000E+0	0.000000E+0	0.000000E+0	0.000000E+0	247.259038E-12	3.658326E+3	3.925167E+3	81.184797E+0	105.199689E+0	1.113709E+3	0.000000E+0	0.000000E+0	0.000000E+0	-Inf	0.000000	0.000000	0.000000	0.000000
2021-03-22 17:01:26	3.6992736870E+9	2.543436E-10	1.512321E+4	1.772279E+4	1.239508E+4	7.167079E+4	2.955733E+3	0.000000E+0	0.000000E+0	0.000000E+0	0.000000E+0	254.343576E-12	3.659023E+3	3.951045E+3	83.596909E+0	101.769898E+0	1.115356E+3	0.000000E+0	0.000000E+0	0.000000E+0	-Inf	0.000000	0.000000	0.000000	0.000000
2021-03-22 17:02:25	3.6992737454E+9	2.502243E-10	1.512636E+4	1.767679E+4	1.219203E+4	-1.568866E+5	2.956188E+3	0.000000E+0	0.000000E+0	0.000000E+0	0.000000E+0	250.224281E-12	3.656830E+3	3.976293E+3	85.722384E+0	NaN	1.114700E+3	0.000000E+0	0.000000E+0	0.000000E+0	-Inf	0.000000	0.000000	0.000000	0.000000
2021-03-22 17:04:12	3.6992738523E+9	2.422945E-10	1.512783E+4	1.763258E+4	1.185122E+4	3.235786E+4	2.956528E+3	0.000000E+0	0.000000E+0	0.000000E+0	0.000000E+0	242.294527E-12	3.655812E+3	4.000861E+3	89.507892E+0	109.825326E+0	1.114197E+3	0.000000E+0	0.000000E+0	0.000000E+0	-Inf	0.000000	0.000000	0.000000	0.000000
2021-03-22 17:05:01	3.6992739011E+9	2.479359E-10	1.513530E+4	1.761603E+4	1.101195E+4	2.708286E+4	3.115551E+3	0.000000E+0	0.000000E+0	0.000000E+0	0.000000E+0	247.935882E-12	3.650623E+3	4.010135E+3	100.188804E+0	113.716097E+0	914.414159E+0	0.000000E+0	0.000000E+0	0.000000E+0	-Inf	0.000000	0.000000	0.000000	0.000000
2021-03-22 17:06:02	3.6992739626E+9	2.461754E-10	1.513315E+4	1.758918E+4	1.080575E+4	2.506992E+4	3.115551E+3	0.000000E+0	0.000000E+0	0.000000E+0	0.000000E+0	246.175414E-12	3.652113E+3	4.025268E+3	103.160008E+0	115.904632E+0	914.414159E+0	0.000000E+0	0.000000E+0	0.000000E+0	-Inf	0.000000	0.000000	0.000000	0.000000
2021-03-22 17:07:19	3.6992740395E+9	2.330889E-10	1.513639E+4	1.754131E+4	1.062104E+4	2.397255E+4	3.115551E+3	0.000000E+0	0.000000E+0	0.000000E+0	0.000000E+0	233.088903E-12	3.649864E+3	4.052529E+3	105.956263E+0	117.321001E+0	914.414159E+0	0.000000E+0	0.000000E+0	0.000000E+0	-Inf	0.000000	0.000000	0.000000	0.000000
2021-03-22 17:08:49	3.6992741294E+9	2.271780E-10	1.513829E+4	1.750573E+4	1.039409E+4	2.233507E+4	2.981631E+3	0.000000E+0	0.000000E+0	0.000000E+0	0.000000E+0	227.178005E-12	3.648549E+3	4.073030E+3	109.580444E+0	119.788638E+0	1.078497E+3	0.000000E+0	0.000000E+0	0.000000E+0	-Inf	0.000000	0.000000	0.000000	0.000000
2021-03-22 17:09:51	3.6992741914E+9	2.291262E-10	1.513536E+4	1.748549E+4	1.020550E+4	2.134562E+4	2.966747E+3	0.000000E+0	0.000000E+0	0.000000E+0	0.000000E+0	229.126226E-12	3.650583E+3	4.084779E+3	112.763408E+0	121.519569E+0	1.099448E+3	0.000000E+0	0.000000E+0	0.000000E+0	-Inf	0.000000	0.000000	0.000000	0.000000
2021-03-22 17:10:49	3.6992742499E+9	2.284401E-10	1.513489E+4	1.745810E+4	1.006086E+4	2.026450E+4	2.951689E+3	0.000000E+0	0.000000E+0	0.000000E+0	0.000000E+0	228.440062E-12	3.650910E+3	4.100786E+3	115.318189E+0	123.652764E+0	1.121283E+3	0.000000E+0	0.000000E+0	0.000000E+0	-Inf	0.000000	0.000000	0.000000	0.000000
2021-03-22 17:11:48	3.6992743082E+9	2.235907E-10	1.512995E+4	1.744220E+4	9.931197E+3	1.926089E+4	2.943123E+3	0.000000E+0	0.000000E+0	0.000000E+0	0.000000E+0	223.590692E-12	3.654338E+3	4.110136E+3	117.697829E+0	125.892175E+0	1.133996E+3	0.000000E+0	0.000000E+0	0.000000E+0	-Inf	0.000000	0.000000	0.000000	0.000000
2021-03-22 17:12:46	3.6992743667E+9	2.346518E-10	1.513176E+4	1.741658E+4	9.800796E+3	1.837896E+4	2.934837E+3	0.000000E+0	0.000000E+0	0.000000E+0	0.000000E+0	234.651788E-12	3.653079E+3	4.125291E+3	120.181269E+0	128.096045E+0	1.146512E+3	0.000000E+0	0.000000E+0	0.000000E+0	-Inf	0.000000	0.000000	0.000000	0.000000
2021-03-22 17:13:45	3.6992744257E+9	2.244420E-10	1.513535E+4	1.740245E+4	9.663636E+3	1.754750E+4	2.927010E+3	0.000000E+0	0.000000E+0	0.000000E+0	0.000000E+0	224.442023E-12	3.650585E+3	4.133695E+3	122.896914E+0	130.403734E+0	1.158517E+3	0.000000E+0	0.000000E+0	0.000000E+0	-Inf	0.000000	0.000000	0.000000	0.000000
2021-03-22 17:14:54	3.6992744941E+9	2.259189E-10	1.513731E+4	1.738589E+4	9.516171E+3	1.624589E+4	2.918969E+3	0.000000E+0	0.000000E+0	0.000000E+0	0.000000E+0	225.918869E-12	3.649225E+3	4.143587E+3	125.942405E+0	134.536807E+0	1.171058E+3	0.000000E+0	0.000000E+0	0.000000E+0	-Inf	0.000000	0.000000	0.000000	0.000000
2021-03-22 17:15:52	3.6992745526E+9	2.399068E-10	1.513930E+4	1.738427E+4	9.409684E+3	1.600667E+4	2.913806E+3	0.000000E+0	0.000000E+0	0.000000E+0	0.000000E+0	239.906767E-12	3.647851E+3	4.144554E+3	128.227556E+0	135.374394E+0	1.179218E+3	0.000000E+0	0.000000E+0	0.000000E+0	-Inf	0.000000	0.000000	0.000000	0.000000
2021-03-22 17:16:51	3.6992746111E+9	2.349562E-10	1.513810E+4	1.736964E+4	9.307169E+3	1.504600E+4	2.911261E+3	0.000000E+0	0.000000E+0	0.000000E+0	0.000000E+0	234.956220E-12	3.648682E+3	4.153339E+3	130.499410E+0	139.016123E+0	1.183269E+3	0.000000E+0	0.000000E+0	0.000000E+0	-Inf	0.000000	0.000000	0.000000	0.000000
2021-03-22 17:17:55	3.6992746752E+9	2.302726E-10	1.513901E+4	1.736284E+4	9.214689E+3	1.456169E+4	2.909450E+3	0.000000E+0	0.000000E+0	0.000000E+0	0.000000E+0	230.272605E-12	3.648052E+3	4.157429E+3	132.612336E+0	141.037432E+0	1.186170E+3	0.000000E+0	0.000000E+0	0.000000E+0	-Inf	0.000000	0.000000	0.000000	0.000000
2021-03-22 17:18:59	3.6992747394E+9	2.421954E-10	1.514176E+4	1.735363E+4	9.121325E+3	1.398868E+4	2.906918E+3	0.000000E+0	0.000000E+0	0.000000E+0	0.000000E+0	242.195365E-12	3.646148E+3	4.162989E+3	134.809330E+0	143.608742E+0	1.190240E+3	0.000000E+0	0.000000E+0	0.000000E+0	-Inf	0.000000	0.000000	0.000000	0.000000
2021-03-22 17:19:57	3.6992747979E+9	2.316613E-10	1.514006E+4	1.735599E+4	9.042874E+3	1.352584E+4	2.904774E+3	0.000000E+0	0.000000E+0	0.000000E+0	0.000000E+0	231.661295E-12	3.647326E+3	4.161564E+3	136.707160E+0	145.841206E+0	1.193697E+3	0.000000E+0	0.000000E+0	0.000000E+0	-Inf	0.000000	0.000000	0.000000	0.000000
2021-03-22 17:20:56	3.6992748563E+9	2.245022E-10	1.513951E+4	1.734682E+4	8.964642E+3	1.279454E+4	2.904747E+3	0.000000E+0	0.000000E+0	0.000000E+0	0.000000E+0	224.502199E-12	3.647706E+3	4.167106E+3	138.648737E+0	149.683885E+0	1.193743E+3	0.000000E+0	0.000000E+0	0.000000E+0	-Inf	0.000000	0.000000	0.000000	0.000000
2021-03-22 17:21:54	3.6992749146E+9	2.164260E-10	1.514113E+4	1.734426E+4	8.895123E+3	1.290228E+4	2.903960E+3	0.000000E+0	0.000000E+0	0.000000E+0	0.000000E+0	216.425972E-12	3.646586E+3	4.168659E+3	140.416693E+0	149.091813E+0	1.195020E+3	0.000000E+0	0.000000E+0	0.000000E+0	-Inf	0.000000	0.000000	0.000000	0.000000
2021-03-22 17:22:53	3.6992749731E+9	2.149182E-10	1.514147E+4	1.734129E+4	8.822544E+3	1.195221E+4	2.903035E+3	0.000000E+0	0.000000E+0	0.000000E+0	0.000000E+0	214.918201E-12	3.646349E+3	4.170456E+3	142.306887E+0	154.654329E+0	1.196519E+3	0.000000E+0	0.000000E+0	0.000000E+0	-Inf	0.000000	0.000000	0.000000	0.000000
2021-03-22 17:23:51	3.6992750316E+9	2.237098E-10	1.513760E+4	1.728370E+4	8.756648E+3	1.192798E+4	2.902949E+3	0.000000E+0	0.000000E+0	0.000000E+0	0.000000E+0	223.709795E-12	3.649026E+3	4.205662E+3	144.063692E+0	154.806819E+0	1.196660E+3	0.000000E+0	0.000000E+0	0.000000E+0	-Inf	0.000000	0.000000	0.000000	0.000000
2021-03-22 17:24:49	3.6992750898E+9	2.163028E-10	1.508827E+4	1.719525E+4	8.606620E+3	1.243829E+4	2.890770E+3	0.000000E+0	0.000000E+0	0.000000E+0	0.000000E+0	216.302824E-12	3.683533E+3	4.260865E+3	148.215145E+0	151.709891E+0	1.216708E+3	0.000000E+0	0.000000E+0	0.000000E+0	-Inf	0.000000	0.000000	0.000000	0.000000
2021-03-22 17:25:48	3.6992751485E+9	2.038147E-10	1.505576E+4	1.709500E+4	8.439457E+3	1.033560E+4	2.901888E+3	0.000000E+0	0.000000E+0	0.000000E+0	0.000000E+0	203.814712E-12	3.706648E+3	4.325155E+3	153.106015E+0	166.221037E+0	1.198381E+3	0.000000E+0	0.000000E+0	0.000000E+0	-Inf	0.000000	0.000000	0.000000	0.000000
2021-03-22 17:26:48	3.6992752089E+9	2.140854E-10	1.503991E+4	1.699740E+4	8.303067E+3	5.477873E+4	2.875462E+3	0.000000E+0	0.000000E+0	0.000000E+0	0.000000E+0	214.085355E-12	3.718024E+3	4.389578E+3	157.320841E+0	104.754342E+0	1.242623E+3	0.000000E+0	0.000000E+0	0.000000E+0	-Inf	0.000000	0.000000	0.000000	0.000000
2021-03-22 17:28:21	3.6992753011E+9	2.103675E-10	1.501718E+4	1.686597E+4	8.098487E+3	8.806213E+3	2.866782E+3	0.000000E+0	0.000000E+0	0.000000E+0	0.000000E+0	210.367545E-12	3.734464E+3	4.479312E+3	164.057075E+0	180.462763E+0	1.257707E+3	0.000000E+0	0.000000E+0	0.000000E+0	-Inf	0.000000	0.000000	0.000000	0.000000
2021-03-22 17:29:19	3.6992753594E+9	1.982712E-10	1.501196E+4	1.682178E+4	7.916202E+3	7.970682E+3	2.861747E+3	0.000000E+0	0.000000E+0	0.000000E+0	0.000000E+0	198.271159E-12	3.738261E+3	4.510286E+3	170.520466E+0	190.107821E+0	1.266575E+3	0.000000E+0	0.000000E+0	0.000000E+0	-Inf	0.000000	0.000000	0.000000	0.000000
2021-03-22 17:30:17	3.6992754179E+9	1.961988E-10	1.500347E+4	1.679657E+4	7.663512E+3	7.062924E+3	2.869333E+3	0.000000E+0	0.000000E+0	0.000000E+0	0.000000E+0	196.198784E-12	3.744448E+3	4.528138E+3	180.292177E+0	202.599194E+0	1.253243E+3	0.000000E+0	0.000000E+0	0.000000E+0	-Inf	0.000000	0.000000	0.000000	0.000000
2021-03-22 17:31:16	3.6992754762E+9	2.003635E-10	1.500162E+4	1.678637E+4	7.403688E+3	6.194867E+3	2.861412E+3	0.000000E+0	0.000000E+0	0.000000E+0	0.000000E+0	200.363489E-12	3.745804E+3	4.535401E+3	191.467577E+0	217.128624E+0	1.267156E+3	0.000000E+0	0.000000E+0	0.000000E+0	-Inf	0.000000	0.000000	0.000000	0.000000
2021-03-22 17:32:14	3.6992755343E+9	2.033144E-10	1.499606E+4	3.950846E+4	7.156933E+3	5.898769E+3	2.878339E+3	0.000000E+0	0.000000E+0	0.000000E+0	0.000000E+0	203.314386E-12	3.749872E+3	1.246192E+3	203.315880E+0	222.819971E+0	1.237680E+3	0.000000E+0	0.000000E+0	0.000000E+0	-Inf	0.000000	0.000000	0.000000	0.000000
2021-03-22 17:33:12	3.6992755928E+9	2.031942E-10	1.519344E+4	4.467210E+4	7.162096E+3	5.613265E+3	3.010230E+3	0.000000E+0	0.000000E+0	0.000000E+0	0.000000E+0	203.194231E-12	3.610754E+3	1.115750E+3	203.054332E+0	228.734745E+0	1.039911E+3	0.000000E+0	0.000000E+0	0.000000E+0	-Inf	0.000000	0.000000	0.000000	0.000000
2021-03-22 17:34:11	3.6992756513E+9	2.052855E-10	1.522876E+4	2.720671E+4	7.107636E+3	5.389031E+3	3.010230E+3	0.000000E+0	0.000000E+0	0.000000E+0	0.000000E+0	205.285526E-12	3.586971E+3	1.818258E+3	205.844692E+0	233.709999E+0	1.039911E+3	0.000000E+0	0.000000E+0	0.000000E+0	-Inf	0.000000	0.000000	0.000000	0.000000
2021-03-22 17:35:38	3.6992757388E+9	2.088966E-10	1.519301E+4	2.233731E+4	7.055031E+3	5.244311E+3	2.993282E+3	0.000000E+0	0.000000E+0	0.000000E+0	0.000000E+0	208.896633E-12	3.611045E+3	2.437598E+3	208.607104E+0	237.090997E+0	1.062526E+3	0.000000E+0	0.000000E+0	0.000000E+0	-Inf	0.000000	0.000000	0.000000	0.000000
2021-03-22 17:36:40	3.6992758009E+9	2.165696E-10	1.516695E+4	2.103303E+4	7.012825E+3	5.159488E+3	2.988191E+3	0.000000E+0	0.000000E+0	0.000000E+0	0.000000E+0	216.569613E-12	3.628805E+3	2.721463E+3	210.872703E+0	239.139241E+0	1.069458E+3	0.000000E+0	0.000000E+0	0.000000E+0	-Inf	0.000000	0.000000	0.000000	0.000000
2021-03-22 17:37:47	3.6992758676E+9	2.280521E-10	1.515237E+4	2.024093E+4	6.984609E+3	5.085129E+3	2.978749E+3	0.000000E+0	0.000000E+0	0.000000E+0	0.000000E+0	228.052083E-12	3.638826E+3	2.935804E+3	212.412424E+0	240.977327E+0	1.082505E+3	0.000000E+0	0.000000E+0	0.000000E+0	-Inf	0.000000	0.000000	0.000000	0.000000
2021-03-22 17:38:45	3.6992759255E+9	2.293983E-10	1.514696E+4	1.977818E+4	6.959277E+3	4.998268E+3	2.969537E+3	0.000000E+0	0.000000E+0	0.000000E+0	0.000000E+0	229.398309E-12	3.642554E+3	3.079528E+3	213.812295E+0	243.176858E+0	1.095477E+3	0.000000E+0	0.000000E+0	0.000000E+0	-Inf	0.000000	0.000000	0.000000	0.000000
2021-03-22 17:39:43	3.6992759838E+9	2.382160E-10	1.514430E+4	1.943806E+4	6.933059E+3	4.979843E+3	2.962112E+3	0.000000E+0	0.000000E+0	0.000000E+0	0.000000E+0	238.215991E-12	3.644392E+3	3.195307E+3	215.278871E+0	243.650908E+0	1.106104E+3	0.000000E+0	0.000000E+0	0.000000E+0	-Inf	0.000000	0.000000	0.000000	0.000000
2021-03-22 17:40:42	3.6992760424E+9	2.421541E-10	1.514445E+4	1.917493E+4	6.909209E+3	4.867996E+3	2.956332E+3	0.000000E+0	0.000000E+0	0.000000E+0	0.000000E+0	242.154063E-12	3.644289E+3	3.291437E+3	216.628994E+0	246.586989E+0	1.114486E+3	0.000000E+0	0.000000E+0	0.000000E+0	-Inf	0.000000	0.000000	0.000000	0.000000
2021-03-22 17:41:40	3.6992761007E+9	2.398429E-10	1.514617E+4	1.922913E+4	6.816319E+3	4.706552E+3	2.952139E+3	0.000000E+0	0.000000E+0	0.000000E+0	0.000000E+0	239.842859E-12	3.643104E+3	3.271142E+3	222.036673E+0	251.011394E+0	1.120626E+3	0.000000E+0	0.000000E+0	0.000000E+0	-Inf	0.000000	0.000000	0.000000	0.000000
2021-03-22 17:42:39	3.6992761590E+9	2.393107E-10	1.516913E+4	1.969747E+4	6.762083E+3	4.528046E+3	2.952139E+3	0.000000E+0	0.000000E+0	0.000000E+0	0.000000E+0	239.310727E-12	3.627315E+3	3.106185E+3	225.308412E+0	256.182014E+0	1.120626E+3	0.000000E+0	0.000000E+0	0.000000E+0	-Inf	0.000000	0.000000	0.000000	0.000000
2021-03-22 17:44:06	3.6992762465E+9	2.485990E-10	1.523192E+4	2.440635E+4	6.732210E+3	4.510348E+3	2.959032E+3	0.000000E+0	0.000000E+0	0.000000E+0	0.000000E+0	248.599042E-12	3.584861E+3	2.111174E+3	227.147983E+0	256.711725E+0	1.110557E+3	0.000000E+0	0.000000E+0	0.000000E+0	-Inf	0.000000	0.000000	0.000000	0.000000
2021-03-22 17:45:08	3.6992763088E+9	2.470948E-10	1.523398E+4	2.356520E+4	6.738604E+3	4.501610E+3	2.976056E+3	0.000000E+0	0.000000E+0	0.000000E+0	0.000000E+0	247.094831E-12	3.583480E+3	2.229181E+3	226.751949E+0	256.974443E+0	1.086276E+3	0.000000E+0	0.000000E+0	0.000000E+0	-Inf	0.000000	0.000000	0.000000	0.000000
2021-03-22 17:46:13	3.6992763734E+9	2.456700E-10	1.521593E+4	2.232530E+4	6.740649E+3	4.534262E+3	2.988106E+3	0.000000E+0	0.000000E+0	0.000000E+0	0.000000E+0	245.670016E-12	3.595570E+3	2.439889E+3	226.625571E+0	255.996731E+0	1.069571E+3	0.000000E+0	0.000000E+0	0.000000E+0	-Inf	0.000000	0.000000	0.000000	0.000000
2021-03-22 17:47:11	3.6992764316E+9	2.358643E-10	1.519193E+4	2.132533E+4	6.741454E+3	4.469261E+3	2.988103E+3	0.000000E+0	0.000000E+0	0.000000E+0	0.000000E+0	235.864260E-12	3.611780E+3	2.651098E+3	226.575869E+0	257.953905E+0	1.069581E+3	0.000000E+0	0.000000E+0	0.000000E+0	-Inf	0.000000	0.000000	0.000000	0.000000
2021-03-22 17:48:10	3.6992764901E+9	2.256181E-10	1.517261E+4	2.057573E+4	6.731928E+3	4.456440E+3	2.987806E+3	0.000000E+0	0.000000E+0	0.000000E+0	0.000000E+0	225.618146E-12	3.624933E+3	2.840692E+3	227.165426E+0	258.345135E+0	1.069986E+3	0.000000E+0	0.000000E+0	0.000000E+0	-Inf	0.000000	0.000000	0.000000	0.000000
2021-03-22 17:49:08	3.6992765485E+9	2.240077E-10	1.516011E+4	2.010717E+4	6.709818E+3	4.447407E+3	2.978395E+3	0.000000E+0	0.000000E+0	0.000000E+0	0.000000E+0	224.007651E-12	3.633499E+3	2.975821E+3	228.544712E+0	258.621820E+0	1.083008E+3	0.000000E+0	0.000000E+0	0.000000E+0	-Inf	0.000000	0.000000	0.000000	0.000000
2021-03-22 17:50:06	3.6992766068E+9	2.268491E-10	1.515602E+4	1.972119E+4	6.684429E+3	4.336684E+3	2.967770E+3	0.000000E+0	0.000000E+0	0.000000E+0	0.000000E+0	226.849112E-12	3.636310E+3	3.098297E+3	230.147191E+0	262.085346E+0	1.097992E+3	0.000000E+0	0.000000E+0	0.000000E+0	-Inf	0.000000	0.000000	0.000000	0.000000
2021-03-22 17:51:07	3.6992766673E+9	2.264437E-10	1.507664E+4	2.397096E+4	3.304313E+3	-1.986712E+4	2.958143E+3	0.000000E+0	0.000000E+0	0.000000E+0	0.000000E+0	226.443711E-12	3.691772E+3	2.170063E+3	1.037360E+3	NaN	1.111848E+3	0.000000E+0	0.000000E+0	0.000000E+0	-Inf	25.000000	25.000000	25.000000	25.000000
2021-03-22 17:53:25	3.6992768052E+9	2.253973E-10	1.455113E+4	3.501245E+4	2.847207E+3	4.815481E+2	2.958143E+3	0.000000E+0	0.000000E+0	0.000000E+0	0.000000E+0	225.397330E-12	4.107997E+3	1.391038E+3	1.523089E+3	1.691063E+3	1.111848E+3	0.000000E+0	0.000000E+0	0.000000E+0	-Inf	25.000000	25.000000	25.000000	25.000000
2021-03-22 17:55:13	3.6992769136E+9	2.251771E-10	1.461740E+4	3.581316E+4	2.832914E+3	4.772327E+2	2.589535E+3	0.000000E+0	0.000000E+0	0.000000E+0	0.000000E+0	225.177065E-12	4.050235E+3	1.362198E+3	1.544498E+3	1.714652E+3	1.936755E+3	0.000000E+0	0.000000E+0	0.000000E+0	-Inf	25.000000	25.000000	25.000000	25.000000
2021-03-22 17:56:12	3.6992769722E+9	2.235683E-10	1.462833E+4	3.578163E+4	2.839870E+3	4.813787E+2	2.437794E+3	0.000000E+0	0.000000E+0	0.000000E+0	0.000000E+0	223.568278E-12	4.040869E+3	1.363304E+3	1.534011E+3	1.691976E+3	2.573189E+3	0.000000E+0	0.000000E+0	0.000000E+0	-Inf	25.000000	25.000000	25.000000	25.000000
2021-03-22 17:57:10	3.6992770308E+9	2.186707E-10	1.466769E+4	3.575677E+4	2.841123E+3	4.823925E+2	2.412291E+3	0.000000E+0	0.000000E+0	0.000000E+0	0.000000E+0	218.670698E-12	4.007514E+3	1.364177E+3	1.532137E+3	1.686523E+3	2.710069E+3	0.000000E+0	0.000000E+0	0.000000E+0	-Inf	25.000000	25.000000	25.000000	25.000000
2021-03-22 17:58:09	3.6992770892E+9	2.217207E-10	1.470776E+4	3.583932E+4	2.842097E+3	4.794424E+2	2.409747E+3	0.000000E+0	0.000000E+0	0.000000E+0	0.000000E+0	221.720703E-12	3.974131E+3	1.361282E+3	1.530681E+3	1.702491E+3	2.724306E+3	0.000000E+0	0.000000E+0	0.000000E+0	-Inf	25.000000	25.000000	25.000000	25.000000
2021-03-22 17:59:20	3.6992771600E+9	2.168169E-10	1.474591E+4	3.588501E+4	2.844894E+3	4.838569E+2	2.407252E+3	0.000000E+0	0.000000E+0	0.000000E+0	0.000000E+0	216.816903E-12	3.942874E+3	1.359686E+3	1.526517E+3	1.678709E+3	2.738377E+3	0.000000E+0	0.000000E+0	0.000000E+0	-Inf	25.000000	25.000000	25.000000	25.000000
2021-03-22 18:00:32	3.6992772329E+9	2.168169E-10	1.478021E+4	3.596434E+4	2.847016E+3	4.822410E+2	2.409377E+3	0.000000E+0	0.000000E+0	0.000000E+0	1.133868E+2	216.816903E-12	3.915210E+3	1.356928E+3	1.523372E+3	1.687336E+3	2.726402E+3	0.000000E+0	0.000000E+0	0.000000E+0	55.203755E+3	25.000000	25.000000	25.000000	25.000000
2021-03-22 18:01:23	3.6992772832E+9	2.168169E-10	1.481554E+4	3.598207E+4	2.846334E+3	4.840484E+2	2.413895E+3	0.000000E+0	0.000000E+0	0.000000E+0	1.130827E+2	216.816903E-12	3.887122E+3	1.356313E+3	1.524383E+3	1.677692E+3	2.701162E+3	0.000000E+0	0.000000E+0	0.000000E+0	55.126860E+3	25.000000	25.000000	25.000000	25.000000
2021-03-22 18:02:15	3.6992773357E+9	2.168169E-10	1.484555E+4	3.600984E+4	2.844015E+3	4.796323E+2	2.417785E+3	0.000000E+0	0.000000E+0	0.000000E+0	1.127732E+2	216.816903E-12	3.863593E+3	1.355352E+3	1.527824E+3	1.701454E+3	2.679710E+3	0.000000E+0	0.000000E+0	0.000000E+0	55.048595E+3	25.000000	25.000000	25.000000	25.000000
2021-03-22 18:03:08	3.6992773888E+9	2.168169E-10	1.486562E+4	3.607042E+4	2.836224E+3	4.851594E+2	2.419760E+3	0.000000E+0	0.000000E+0	0.000000E+0	1.124889E+2	216.816903E-12	3.848023E+3	1.353261E+3	1.539493E+3	1.671820E+3	2.668910E+3	0.000000E+0	0.000000E+0	0.000000E+0	54.976675E+3	25.000000	25.000000	25.000000	25.000000
2021-03-22 18:04:01	3.6992774417E+9	2.168169E-10	1.488865E+4	3.613090E+4	2.829941E+3	4.807085E+2	2.420827E+3	0.000000E+0	0.000000E+0	0.000000E+0	1.121773E+2	216.816903E-12	3.830308E+3	1.351182E+3	1.549017E+3	1.695600E+3	2.663097E+3	0.000000E+0	0.000000E+0	0.000000E+0	54.897830E+3	25.000000	25.000000	25.000000	25.000000
2021-03-22 18:04:54	3.6992774947E+9	2.168169E-10	1.490529E+4	3.621757E+4	2.830005E+3	4.827172E+2	2.421844E+3	0.000000E+0	0.000000E+0	0.000000E+0	1.118386E+2	216.816903E-12	3.817614E+3	1.348217E+3	1.548921E+3	1.684784E+3	2.657586E+3	0.000000E+0	0.000000E+0	0.000000E+0	54.812117E+3	25.000000	25.000000	25.000000	25.000000
2021-03-22 18:05:47	3.6992775471E+9	2.168169E-10	1.491849E+4	3.629980E+4	2.825180E+3	4.765145E+2	2.421824E+3	0.000000E+0	0.000000E+0	0.000000E+0	1.115409E+2	216.816903E-12	3.807608E+3	1.345418E+3	1.556306E+3	1.718643E+3	2.657699E+3	0.000000E+0	0.000000E+0	0.000000E+0	54.736756E+3	25.000000	25.000000	25.000000	25.000000
2021-03-22 18:06:39	3.6992775999E+9	2.168169E-10	1.493498E+4	3.627851E+4	2.819787E+3	4.744996E+2	2.422506E+3	0.000000E+0	0.000000E+0	0.000000E+0	1.112330E+2	216.816903E-12	3.795186E+3	1.346141E+3	1.564638E+3	1.729939E+3	2.654003E+3	0.000000E+0	0.000000E+0	0.000000E+0	54.658805E+3	25.000000	25.000000	25.000000	25.000000
2021-03-22 18:07:32	3.6992776528E+9	2.168169E-10	1.494558E+4	3.669172E+4	2.817498E+3	4.812666E+2	2.423720E+3	0.000000E+0	0.000000E+0	0.000000E+0	1.109347E+2	216.816903E-12	3.787238E+3	1.332282E+3	1.568199E+3	1.692581E+3	2.647449E+3	0.000000E+0	0.000000E+0	0.000000E+0	54.583261E+3	25.000000	25.000000	25.000000	25.000000
2021-03-22 18:08:25	3.6992777056E+9	2.168169E-10	1.491939E+4	3.670489E+4	2.798856E+3	4.654624E+2	2.402368E+3	0.000000E+0	0.000000E+0	0.000000E+0	1.106258E+2	216.816903E-12	3.806926E+3	1.331846E+3	1.597743E+3	1.782495E+3	2.766214E+3	0.000000E+0	0.000000E+0	0.000000E+0	54.505032E+3	25.000000	25.000000	25.000000	25.000000
2021-03-22 18:09:18	3.6992777586E+9	2.168169E-10	1.491838E+4	2.324611E+4	2.786620E+3	4.627674E+2	2.394454E+3	0.000000E+0	0.000000E+0	0.000000E+0	1.103398E+2	216.816903E-12	3.807692E+3	2.278821E+3	1.617685E+3	1.798792E+3	2.812202E+3	0.000000E+0	0.000000E+0	0.000000E+0	54.432568E+3	25.000000	25.000000	25.000000	25.000000
2021-03-22 18:10:11	3.6992778115E+9	2.168169E-10	1.493568E+4	1.967804E+4	2.782960E+3	4.577050E+2	2.388410E+3	0.000000E+0	0.000000E+0	0.000000E+0	1.100593E+2	216.816903E-12	3.794655E+3	3.112673E+3	1.623737E+3	1.830221E+3	2.848079E+3	0.000000E+0	0.000000E+0	0.000000E+0	54.361488E+3	25.000000	25.000000	25.000000	25.000000
2021-03-22 18:11:04	3.6992778642E+9	2.168169E-10	1.489972E+4	1.708098E+4	2.773104E+3	4.601124E+2	2.375985E+3	0.000000E+0	0.000000E+0	0.000000E+0	1.098123E+2	216.816903E-12	3.821854E+3	4.334298E+3	1.640241E+3	1.815140E+3	2.923935E+3	0.000000E+0	0.000000E+0	0.000000E+0	54.298896E+3	25.000000	25.000000	25.000000	25.000000
2021-03-22 18:11:57	3.6992779172E+9	2.168169E-10	1.283330E+4	1.809787E+4	2.659520E+3	4.266667E+2	2.329221E+3	0.000000E+0	0.000000E+0	0.000000E+0	1.102330E+2	216.816903E-12	6.560413E+3	3.756425E+3	1.854932E+3	2.049339E+3	3.237048E+3	0.000000E+0	0.000000E+0	0.000000E+0	54.405498E+3	25.000000	25.000000	25.000000	25.000000
2021-03-22 18:12:50	3.6992779701E+9	2.168169E-10	1.298998E+4	1.763600E+4	2.630106E+3	4.086451E+2	2.216378E+3	0.000000E+0	0.000000E+0	0.000000E+0	1.129562E+2	216.816903E-12	6.220318E+3	3.998952E+3	1.919111E+3	2.201536E+3	4.215147E+3	0.000000E+0	0.000000E+0	0.000000E+0	55.094860E+3	25.000000	25.000000	25.000000	25.000000
2021-03-22 18:13:42	3.6992780229E+9	2.168169E-10	1.292929E+4	1.736136E+4	2.602405E+3	4.032817E+2	2.215721E+3	0.000000E+0	0.000000E+0	0.000000E+0	1.156187E+2	216.816903E-12	6.347841E+3	4.158325E+3	1.983402E+3	2.251082E+3	4.221956E+3	0.000000E+0	0.000000E+0	0.000000E+0	55.767637E+3	25.000000	25.000000	25.000000	25.000000
2021-03-22 18:14:35	3.6992780758E+9	2.168169E-10	1.285821E+4	1.721569E+4	2.587596E+3	4.007307E+2	2.204553E+3	0.000000E+0	0.000000E+0	0.000000E+0	1.180879E+2	216.816903E-12	6.503927E+3	4.247983E+3	2.019428E+3	2.275397E+3	4.339942E+3	0.000000E+0	0.000000E+0	0.000000E+0	56.390617E+3	25.000000	25.000000	25.000000	25.000000
2021-03-22 18:15:28	3.6992781287E+9	2.168169E-10	1.279793E+4	1.819462E+4	2.578042E+3	3.962985E+2	2.205558E+3	0.000000E+0	0.000000E+0	0.000000E+0	1.204436E+2	216.816903E-12	6.642300E+3	3.709274E+3	2.043320E+3	2.318845E+3	4.329159E+3	0.000000E+0	0.000000E+0	0.000000E+0	56.984161E+3	25.000000	25.000000	25.000000	25.000000
2021-03-22 18:16:21	3.6992781815E+9	2.168169E-10	1.273416E+4	1.827204E+4	2.577465E+3	3.959168E+2	2.202992E+3	0.000000E+0	0.000000E+0	0.000000E+0	1.227066E+2	216.816903E-12	6.795093E+3	3.672390E+3	2.044779E+3	2.322660E+3	4.356777E+3	0.000000E+0	0.000000E+0	0.000000E+0	57.553727E+3	25.000000	25.000000	25.000000	25.000000
2021-03-22 18:17:14	3.6992782348E+9	2.168169E-10	1.265868E+4	1.502039E+4	2.539450E+3	3.835900E+2	2.184350E+3	0.000000E+0	0.000000E+0	0.000000E+0	1.249158E+2	216.816903E-12	6.985024E+3	6.248100E+3	2.145398E+3	2.452523E+3	4.564687E+3	0.000000E+0	0.000000E+0	0.000000E+0	58.109152E+3	25.000000	25.000000	25.000000	25.000000
2021-03-22 18:18:07	3.6992782876E+9	2.168169E-10	1.254674E+4	1.358292E+4	2.156089E+3	2.672975E+2	2.149293E+3	0.000000E+0	0.000000E+0	0.000000E+0	1.270827E+2	216.816903E-12	7.286331E+3	8.926180E+3	4.074446E+3	4.843308E+3	4.991763E+3	0.000000E+0	0.000000E+0	0.000000E+0	58.653386E+3	25.000000	25.000000	25.000000	25.000000
2021-03-22 18:19:00	3.6992783403E+9	2.168169E-10	1.243822E+4	1.351609E+4	2.061256E+3	2.373080E+2	2.085705E+3	0.000000E+0	0.000000E+0	0.000000E+0	1.292541E+2	216.816903E-12	7.603211E+3	9.105816E+3	5.114967E+3	6.195313E+3	5.902051E+3	0.000000E+0	0.000000E+0	0.000000E+0	59.198241E+3	25.000000	25.000000	25.000000	25.000000
2021-03-22 18:19:53	3.6992783934E+9	2.168169E-10	1.234668E+4	1.319103E+4	2.040215E+3	2.364514E+2	2.072210E+3	0.000000E+0	0.000000E+0	0.000000E+0	1.314468E+2	216.816903E-12	7.891584E+3	10.090743E+3	5.409938E+3	6.242785E+3	6.120112E+3	0.000000E+0	0.000000E+0	0.000000E+0	59.747915E+3	25.000000	25.000000	25.000000	25.000000
2021-03-22 18:20:46	3.6992784461E+9	2.168169E-10	1.226332E+4	1.306624E+4	1.997014E+3	2.187070E+2	2.046423E+3	0.000000E+0	0.000000E+0	0.000000E+0	1.336471E+2	216.816903E-12	8.172685E+3	10.526134E+3	6.115007E+3	7.375409E+3	6.562872E+3	0.000000E+0	0.000000E+0	0.000000E+0	60.298948E+3	25.000000	25.000000	25.000000	25.000000
2021-03-22 18:21:38	3.6992784990E+9	2.168169E-10	1.218776E+4	1.293186E+4	1.977619E+3	2.116306E+2	2.028119E+3	0.000000E+0	0.000000E+0	0.000000E+0	1.358103E+2	216.816903E-12	8.444162E+3	11.037647E+3	6.483443E+3	7.921411E+3	6.898688E+3	0.000000E+0	0.000000E+0	0.000000E+0	60.840169E+3	25.000000	25.000000	25.000000	25.000000
2021-03-22 18:22:42	3.6992785625E+9	2.168169E-10	1.210336E+4	1.256336E+4	1.958983E+3	2.024083E+2	2.006674E+3	0.000000E+0	0.000000E+0	0.000000E+0	1.385259E+2	216.816903E-12	8.767863E+3	12.721266E+3	6.873569E+3	8.734739E+3	7.315368E+3	0.000000E+0	0.000000E+0	0.000000E+0	61.518853E+3	25.000000	25.000000	25.000000	25.000000
2021-03-22 18:23:35	3.6992786154E+9	2.168169E-10	1.203510E+4	1.245030E+4	1.938837E+3	1.954743E+2	1.973903E+3	0.000000E+0	0.000000E+0	0.000000E+0	1.406194E+2	216.816903E-12	9.046850E+3	13.340282E+3	7.340664E+3	9.435977E+3	8.000878E+3	0.000000E+0	0.000000E+0	0.000000E+0	62.041507E+3	25.000000	25.000000	25.000000	25.000000
2021-03-22 18:24:28	3.6992786681E+9	2.168169E-10	1.197084E+4	1.236388E+4	1.935922E+3	1.925895E+2	1.961637E+3	0.000000E+0	0.000000E+0	0.000000E+0	1.426948E+2	216.816903E-12	9.324725E+3	13.853141E+3	7.412555E+3	9.753821E+3	8.272419E+3	0.000000E+0	0.000000E+0	0.000000E+0	62.559129E+3	25.000000	25.000000	25.000000	25.000000
2021-03-22 18:25:20	3.6992787210E+9	2.168169E-10	1.191196E+4	1.226002E+4	1.937824E+3	1.894126E+2	1.949667E+3	0.000000E+0	0.000000E+0	0.000000E+0	1.447225E+2	216.816903E-12	9.593337E+3	14.520684E+3	7.365515E+3	10.123424E+3	8.544944E+3	0.000000E+0	0.000000E+0	0.000000E+0	63.064330E+3	25.000000	25.000000	25.000000	25.000000
2021-03-22 18:26:19	3.6992787796E+9	2.168169E-10	1.185630E+4	1.231503E+4	1.923281E+3	1.851707E+2	1.939802E+3	0.000000E+0	0.000000E+0	0.000000E+0	1.468077E+2	216.816903E-12	9.860373E+3	14.159796E+3	7.737923E+3	10.651621E+3	8.774982E+3	0.000000E+0	0.000000E+0	0.000000E+0	63.583361E+3	25.000000	25.000000	25.000000	25.000000
2021-03-22 18:27:12	3.6992788324E+9	2.168169E-10	1.179764E+4	1.225933E+4	1.914310E+3	1.833468E+2	1.929653E+3	0.000000E+0	0.000000E+0	0.000000E+0	1.488282E+2	216.816903E-12	10.156619E+3	14.525318E+3	7.983137E+3	10.891865E+3	9.016461E+3	0.000000E+0	0.000000E+0	0.000000E+0	64.085760E+3	25.000000	25.000000	25.000000	25.000000
2021-03-22 18:28:17	3.6992788975E+9	2.168169E-10	1.174928E+4	1.214000E+4	1.905843E+3	1.793143E+2	1.922232E+3	0.000000E+0	0.000000E+0	0.000000E+0	1.514303E+2	216.816903E-12	10.413096E+3	15.370685E+3	8.226243E+3	11.453385E+3	9.195973E+3	0.000000E+0	0.000000E+0	0.000000E+0	64.732023E+3	25.000000	25.000000	25.000000	25.000000
2021-03-22 18:29:10	3.6992789506E+9	2.168169E-10	1.169778E+4	1.212747E+4	1.902251E+3	1.787363E+2	1.913440E+3	0.000000E+0	0.000000E+0	0.000000E+0	1.534047E+2	216.816903E-12	10.699126E+3	15.464739E+3	8.332986E+3	11.537482E+3	9.411736E+3	0.000000E+0	0.000000E+0	0.000000E+0	65.221788E+3	25.000000	25.000000	25.000000	25.000000
2021-03-22 18:30:11	3.6992790115E+9	2.168169E-10	1.165202E+4	1.208385E+4	1.893333E+3	1.752873E+2	1.906865E+3	0.000000E+0	0.000000E+0	0.000000E+0	1.555002E+2	216.816903E-12	10.965112E+3	15.800696E+3	8.607825E+3	12.059449E+3	9.574970E+3	0.000000E+0	0.000000E+0	0.000000E+0	65.741013E+3	25.000000	25.000000	25.000000	25.000000
2021-03-22 18:31:04	3.6992790643E+9	2.168169E-10	1.161460E+4	1.204414E+4	1.886499E+3	1.743373E+2	1.900939E+3	0.000000E+0	0.000000E+0	0.000000E+0	1.574063E+2	216.816903E-12	11.191445E+3	16.118512E+3	8.828345E+3	12.209529E+3	9.723555E+3	0.000000E+0	0.000000E+0	0.000000E+0	66.212809E+3	25.000000	25.000000	25.000000	25.000000
2021-03-22 18:31:57	3.6992791171E+9	2.168169E-10	1.157974E+4	1.200046E+4	1.883202E+3	1.701758E+2	1.895778E+3	0.000000E+0	0.000000E+0	0.000000E+0	1.593005E+2	216.816903E-12	11.409774E+3	16.481863E+3	8.937991E+3	12.901539E+3	9.853857E+3	0.000000E+0	0.000000E+0	0.000000E+0	66.681146E+3	25.000000	25.000000	25.000000	25.000000
2021-03-22 18:33:00	3.6992791805E+9	2.168169E-10	1.154116E+4	1.195875E+4	1.878074E+3	1.682341E+2	1.890593E+3	0.000000E+0	0.000000E+0	0.000000E+0	1.616685E+2	216.816903E-12	11.660184E+3	16.843044E+3	9.112846E+3	13.244879E+3	9.985625E+3	0.000000E+0	0.000000E+0	0.000000E+0	67.265913E+3	25.000000	25.000000	25.000000	25.000000
2021-03-22 18:33:53	3.6992792334E+9	2.168169E-10	1.151115E+4	1.192201E+4	1.872455E+3	1.698110E+2	1.885193E+3	0.000000E+0	0.000000E+0	0.000000E+0	1.634940E+2	216.816903E-12	11.861659E+3	17.173426E+3	9.310722E+3	12.965015E+3	10.123605E+3	0.000000E+0	0.000000E+0	0.000000E+0	67.716192E+3	25.000000	25.000000	25.000000	25.000000
2021-03-22 18:34:52	3.6992792923E+9	2.168169E-10	1.148014E+4	1.188534E+4	1.869351E+3	1.672449E+2	1.880022E+3	0.000000E+0	0.000000E+0	0.000000E+0	1.653953E+2	216.816903E-12	12.076297E+3	17.514973E+3	9.422945E+3	13.425124E+3	10.256405E+3	0.000000E+0	0.000000E+0	0.000000E+0	68.184631E+3	25.000000	25.000000	25.000000	25.000000
2021-03-22 18:35:59	3.6992793599E+9	2.168169E-10	1.144812E+4	1.184467E+4	1.864507E+3	1.680846E+2	1.875292E+3	0.000000E+0	0.000000E+0	0.000000E+0	1.676653E+2	216.816903E-12	12.305022E+3	17.908606E+3	9.602393E+3	13.271883E+3	10.378357E+3	0.000000E+0	0.000000E+0	0.000000E+0	68.743235E+3	25.000000	25.000000	25.000000	25.000000
2021-03-22 18:36:52	3.6992794127E+9	2.168169E-10	1.142122E+4	1.181446E+4	1.860580E+3	1.650245E+2	1.871255E+3	0.000000E+0	0.000000E+0	0.000000E+0	1.695805E+2	216.816903E-12	12.503007E+3	18.211434E+3	9.751876E+3	13.843387E+3	10.482747E+3	0.000000E+0	0.000000E+0	0.000000E+0	69.213942E+3	25.000000	25.000000	25.000000	25.000000
2021-03-22 18:37:45	3.6992794655E+9	2.168169E-10	1.139763E+4	1.178393E+4	1.858383E+3	1.631411E+2	1.867587E+3	0.000000E+0	0.000000E+0	0.000000E+0	1.713663E+2	216.816903E-12	12.681185E+3	18.526952E+3	9.837057E+3	14.213689E+3	10.577844E+3	0.000000E+0	0.000000E+0	0.000000E+0	69.652361E+3	25.000000	25.000000	25.000000	25.000000
2021-03-22 18:38:44	3.6992795241E+9	2.168169E-10	1.137262E+4	1.175522E+4	1.853585E+3	1.628035E+2	1.863780E+3	0.000000E+0	0.000000E+0	0.000000E+0	1.731791E+2	216.816903E-12	12.874843E+3	18.832616E+3	10.027285E+3	14.281628E+3	10.676649E+3	0.000000E+0	0.000000E+0	0.000000E+0	70.096920E+3	25.000000	25.000000	25.000000	25.000000
2021-03-22 18:39:36	3.6992795768E+9	2.168169E-10	1.135100E+4	1.173054E+4	1.850611E+3	1.613048E+2	1.860556E+3	0.000000E+0	0.000000E+0	0.000000E+0	1.749000E+2	216.816903E-12	13.046431E+3	19.102804E+3	10.148072E+3	14.589201E+3	10.760411E+3	0.000000E+0	0.000000E+0	0.000000E+0	70.518492E+3	25.000000	25.000000	25.000000	25.000000
2021-03-22 18:40:40	3.6992796405E+9	2.168169E-10	1.133054E+4	1.170030E+4	1.846685E+3	1.601862E+2	1.857421E+3	0.000000E+0	0.000000E+0	0.000000E+0	1.770869E+2	216.816903E-12	13.212300E+3	19.443327E+3	10.311052E+3	14.825262E+3	10.842004E+3	0.000000E+0	0.000000E+0	0.000000E+0	71.053563E+3	25.000000	25.000000	25.000000	25.000000
2021-03-22 18:41:33	3.6992796933E+9	2.168169E-10	1.130664E+4	1.167843E+4	1.847089E+3	1.591423E+2	1.853679E+3	0.000000E+0	0.000000E+0	0.000000E+0	1.787804E+2	216.816903E-12	13.410771E+3	19.696458E+3	10.294063E+3	15.050739E+3	10.939292E+3	0.000000E+0	0.000000E+0	0.000000E+0	71.467434E+3	25.000000	25.000000	25.000000	25.000000
2021-03-22 18:42:25	3.6992797458E+9	2.168169E-10	1.128752E+4	1.165491E+4	1.843734E+3	1.595103E+2	1.851060E+3	0.000000E+0	0.000000E+0	0.000000E+0	1.804513E+2	216.816903E-12	13.573108E+3	19.975257E+3	10.436237E+3	14.970681E+3	11.007389E+3	0.000000E+0	0.000000E+0	0.000000E+0	71.875363E+3	25.000000	25.000000	25.000000	25.000000
2021-03-22 18:43:24	3.6992798048E+9	2.168169E-10	1.126943E+4	1.162661E+4	1.840194E+3	1.571710E+2	1.848242E+3	0.000000E+0	0.000000E+0	0.000000E+0	1.821889E+2	216.816903E-12	13.729864E+3	20.320104E+3	10.589566E+3	15.490717E+3	11.080742E+3	0.000000E+0	0.000000E+0	0.000000E+0	72.299123E+3	25.000000	25.000000	25.000000	25.000000
2021-03-22 18:44:17	3.6992798577E+9	2.168169E-10	1.124927E+4	1.160729E+4	1.838197E+3	1.550050E+2	1.845242E+3	0.000000E+0	0.000000E+0	0.000000E+0	1.838496E+2	216.816903E-12	13.908140E+3	20.561595E+3	10.677613E+3	15.996579E+3	11.158641E+3	0.000000E+0	0.000000E+0	0.000000E+0	72.703703E+3	25.000000	25.000000	25.000000	25.000000
2021-03-22 18:45:12	3.6992799125E+9	2.168169E-10	1.123229E+4	1.158585E+4	1.836065E+3	1.565283E+2	1.842784E+3	0.000000E+0	0.000000E+0	0.000000E+0	1.854948E+2	216.816903E-12	14.061306E+3	20.835587E+3	10.772848E+3	15.638307E+3	11.222417E+3	0.000000E+0	0.000000E+0	0.000000E+0	73.104099E+3	25.000000	25.000000	25.000000	25.000000
2021-03-22 18:46:10	3.6992799705E+9	2.168169E-10	1.121504E+4	1.155955E+4	1.833959E+3	1.553552E+2	1.840152E+3	0.000000E+0	0.000000E+0	0.000000E+0	1.876245E+2	216.816903E-12	14.219910E+3	21.180575E+3	10.868248E+3	15.913153E+3	11.290646E+3	0.000000E+0	0.000000E+0	0.000000E+0	73.621819E+3	25.000000	25.000000	25.000000	25.000000
2021-03-22 18:47:03	3.6992800233E+9	2.168169E-10	1.119761E+4	1.154578E+4	1.832166E+3	1.536743E+2	1.837491E+3	0.000000E+0	0.000000E+0	0.000000E+0	1.892480E+2	216.816903E-12	14.383171E+3	21.365289E+3	10.950495E+3	16.319599E+3	11.359526E+3	0.000000E+0	0.000000E+0	0.000000E+0	74.016015E+3	25.000000	25.000000	25.000000	25.000000
2021-03-22 18:47:56	3.6992800760E+9	2.168169E-10	1.118198E+4	1.152423E+4	1.828539E+3	1.530983E+2	1.835309E+3	0.000000E+0	0.000000E+0	0.000000E+0	1.908381E+2	216.816903E-12	14.532205E+3	21.659866E+3	11.119837E+3	16.462431E+3	11.415847E+3	0.000000E+0	0.000000E+0	0.000000E+0	74.401756E+3	25.000000	25.000000	25.000000	25.000000
2021-03-22 18:48:48	3.6992801289E+9	2.168169E-10	1.116688E+4	1.150560E+4	1.827157E+3	1.515650E+2	1.833037E+3	0.000000E+0	0.000000E+0	0.000000E+0	1.924267E+2	216.816903E-12	14.678743E+3	21.920362E+3	11.185424E+3	16.851777E+3	11.474466E+3	0.000000E+0	0.000000E+0	0.000000E+0	74.786744E+3	25.000000	25.000000	25.000000	25.000000
2021-03-22 18:49:49	3.6992801896E+9	2.168169E-10	1.115057E+4	1.148750E+4	1.825978E+3	1.504955E+2	1.830899E+3	0.000000E+0	0.000000E+0	0.000000E+0	1.940577E+2	216.816903E-12	14.839755E+3	22.178815E+3	11.241860E+3	17.131460E+3	11.529505E+3	0.000000E+0	0.000000E+0	0.000000E+0	75.181628E+3	25.000000	25.000000	25.000000	25.000000
2021-03-22 18:50:42	3.6992802426E+9	2.168169E-10	1.113676E+4	1.146795E+4	1.824117E+3	1.504695E+2	1.828409E+3	0.000000E+0	0.000000E+0	0.000000E+0	1.956202E+2	216.816903E-12	14.978349E+3	22.463925E+3	11.331797E+3	17.138344E+3	11.593389E+3	0.000000E+0	0.000000E+0	0.000000E+0	75.559560E+3	25.000000	25.000000	25.000000	25.000000
2021-03-22 18:51:35	3.6992802955E+9	2.168169E-10	1.112336E+4	1.144751E+4	1.823868E+3	1.523586E+2	1.826484E+3	0.000000E+0	0.000000E+0	0.000000E+0	1.971681E+2	216.816903E-12	15.114977E+3	22.768815E+3	11.343930E+3	16.648589E+3	11.642721E+3	0.000000E+0	0.000000E+0	0.000000E+0	75.933601E+3	25.000000	25.000000	25.000000	25.000000
2021-03-22 18:52:33	3.6992803539E+9	2.168169E-10	1.111024E+4	1.143304E+4	1.820453E+3	1.488552E+2	1.824484E+3	0.000000E+0	0.000000E+0	0.000000E+0	1.987597E+2	216.816903E-12	15.250715E+3	22.989033E+3	11.512220E+3	17.573930E+3	11.693805E+3	0.000000E+0	0.000000E+0	0.000000E+0	76.317875E+3	25.000000	25.000000	25.000000	25.000000
2021-03-22 18:53:28	3.6992804089E+9	2.168169E-10	1.109627E+4	1.141777E+4	1.817808E+3	1.469424E+2	1.822321E+3	0.000000E+0	0.000000E+0	0.000000E+0	2.002772E+2	216.816903E-12	15.397488E+3	23.225401E+3	11.645159E+3	18.111450E+3	11.748925E+3	0.000000E+0	0.000000E+0	0.000000E+0	76.683925E+3	25.000000	25.000000	25.000000	25.000000
2021-03-22 18:54:21	3.6992804616E+9	2.168169E-10	1.108346E+4	1.140102E+4	1.817261E+3	1.466979E+2	1.820390E+3	0.000000E+0	0.000000E+0	0.000000E+0	2.018564E+2	216.816903E-12	15.534116E+3	23.489616E+3	11.672956E+3	18.181909E+3	11.797898E+3	0.000000E+0	0.000000E+0	0.000000E+0	77.064492E+3	25.000000	25.000000	25.000000	25.000000
2021-03-22 18:55:25	3.6992805251E+9	2.168169E-10	1.106926E+4	1.138410E+4	1.815635E+3	1.468098E+2	1.818641E+3	0.000000E+0	0.000000E+0	0.000000E+0	2.037588E+2	216.816903E-12	15.687881E+3	23.761807E+3	11.756162E+3	18.149603E+3	11.842218E+3	0.000000E+0	0.000000E+0	0.000000E+0	77.522526E+3	25.000000	25.000000	25.000000	25.000000
2021-03-22 18:56:17	3.6992805777E+9	2.168169E-10	1.105796E+4	1.137164E+4	1.813402E+3	1.494582E+2	1.816404E+3	0.000000E+0	0.000000E+0	0.000000E+0	2.052445E+2	216.816903E-12	15.812104E+3	23.965634E+3	11.871974E+3	17.409336E+3	11.898671E+3	0.000000E+0	0.000000E+0	0.000000E+0	77.879868E+3	25.000000	25.000000	25.000000	25.000000
2021-03-22 18:57:10	3.6992806305E+9	2.168169E-10	1.104653E+4	1.135538E+4	1.812199E+3	1.458399E+2	1.814812E+3	0.000000E+0	0.000000E+0	0.000000E+0	2.067071E+2	216.816903E-12	15.939362E+3	24.236426E+3	11.935065E+3	18.432320E+3	11.938692E+3	0.000000E+0	0.000000E+0	0.000000E+0	78.231366E+3	25.000000	25.000000	25.000000	25.000000
2021-03-22 18:58:09	3.6992806892E+9	2.168169E-10	1.103507E+4	1.134195E+4	1.811296E+3	1.480538E+2	1.813163E+3	0.000000E+0	0.000000E+0	0.000000E+0	2.082317E+2	216.816903E-12	16.068691E+3	24.463832E+3	11.982741E+3	17.796235E+3	11.980067E+3	0.000000E+0	0.000000E+0	0.000000E+0	78.597473E+3	25.000000	25.000000	25.000000	25.000000
2021-03-22 18:59:01	3.6992807418E+9	2.168169E-10	1.102439E+4	1.132757E+4	1.809427E+3	1.453905E+2	1.811312E+3	0.000000E+0	0.000000E+0	0.000000E+0	2.096715E+2	216.816903E-12	16.190706E+3	24.711594E+3	12.082417E+3	18.565527E+3	12.026252E+3	0.000000E+0	0.000000E+0	0.000000E+0	78.942918E+3	25.000000	25.000000	25.000000	25.000000
2021-03-22 18:59:54	3.6992807947E+9	2.168169E-10	1.101432E+4	1.131584E+4	1.808248E+3	1.448358E+2	1.809794E+3	0.000000E+0	0.000000E+0	0.000000E+0	2.111159E+2	216.816903E-12	16.307237E+3	24.916843E+3	12.145922E+3	18.731881E+3	12.064031E+3	0.000000E+0	0.000000E+0	0.000000E+0	79.289204E+3	25.000000	25.000000	25.000000	25.000000
2021-03-22 19:00:58	3.6992808581E+9	2.168169E-10	1.100243E+4	1.129953E+4	1.806946E+3	1.449356E+2	1.808229E+3	0.000000E+0	0.000000E+0	0.000000E+0	2.129353E+2	216.816903E-12	16.446508E+3	25.206988E+3	12.216640E+3	18.701787E+3	12.102918E+3	0.000000E+0	0.000000E+0	0.000000E+0	79.725006E+3	25.000000	25.000000	25.000000	25.000000
2021-03-22 19:01:53	3.6992809132E+9	2.168169E-10	1.099289E+4	1.128693E+4	1.806037E+3	1.436658E+2	1.806373E+3	0.000000E+0	0.000000E+0	0.000000E+0	2.143413E+2	216.816903E-12	16.559661E+3	25.435179E+3	12.266433E+3	19.090012E+3	12.148711E+3	0.000000E+0	0.000000E+0	0.000000E+0	80.061525E+3	25.000000	25.000000	25.000000	25.000000
2021-03-22 19:02:45	3.6992809659E+9	2.168169E-10	1.098341E+4	1.127557E+4	1.804326E+3	1.436031E+2	1.804907E+3	0.000000E+0	0.000000E+0	0.000000E+0	2.158096E+2	216.816903E-12	16.673415E+3	25.643891E+3	12.360938E+3	19.109458E+3	12.184781E+3	0.000000E+0	0.000000E+0	0.000000E+0	80.412654E+3	25.000000	25.000000	25.000000	25.000000
2021-03-22 19:03:44	3.6992810245E+9	2.168169E-10	1.097341E+4	1.126193E+4	1.803345E+3	1.422822E+2	1.803489E+3	0.000000E+0	0.000000E+0	0.000000E+0	2.172632E+2	216.816903E-12	16.794742E+3	25.898361E+3	12.415595E+3	19.526584E+3	12.219512E+3	0.000000E+0	0.000000E+0	0.000000E+0	80.760034E+3	25.000000	25.000000	25.000000	25.000000
2021-03-22 19:04:37	3.6992810772E+9	2.168169E-10	1.096443E+4	1.125256E+4	1.802045E+3	1.417707E+2	1.801902E+3	0.000000E+0	0.000000E+0	0.000000E+0	2.186490E+2	216.816903E-12	16.905014E+3	26.075702E+3	12.488612E+3	19.691682E+3	12.258240E+3	0.000000E+0	0.000000E+0	0.000000E+0	81.090971E+3	25.000000	25.000000	25.000000	25.000000
2021-03-22 19:05:30	3.6992811302E+9	2.168169E-10	1.095581E+4	1.124115E+4	1.800389E+3	1.430323E+2	1.800625E+3	0.000000E+0	0.000000E+0	0.000000E+0	2.200237E+2	216.816903E-12	17.011900E+3	26.294388E+3	12.582624E+3	19.288117E+3	12.289312E+3	0.000000E+0	0.000000E+0	0.000000E+0	81.419024E+3	25.000000	25.000000	25.000000	25.000000
2021-03-22 19:06:33	3.6992811936E+9	2.168169E-10	1.094588E+4	1.122681E+4	1.799487E+3	1.422117E+2	1.798896E+3	0.000000E+0	0.000000E+0	0.000000E+0	2.217591E+2	216.816903E-12	17.136344E+3	26.573680E+3	12.634280E+3	19.549226E+3	12.331128E+3	0.000000E+0	0.000000E+0	0.000000E+0	81.832852E+3	25.000000	25.000000	25.000000	25.000000
2021-03-22 19:07:26	3.6992812466E+9	2.168169E-10	1.093761E+4	1.121841E+4	1.798420E+3	1.418731E+2	1.797730E+3	0.000000E+0	0.000000E+0	0.000000E+0	2.231119E+2	216.816903E-12	17.241268E+3	26.739598E+3	12.695782E+3	19.658468E+3	12.359212E+3	0.000000E+0	0.000000E+0	0.000000E+0	82.155191E+3	25.000000	25.000000	25.000000	25.000000
2021-03-22 19:08:19	3.6992812992E+9	2.168169E-10	1.093001E+4	1.120602E+4	1.797101E+3	1.407480E+2	1.796438E+3	0.000000E+0	0.000000E+0	0.000000E+0	2.244607E+2	216.816903E-12	17.338474E+3	26.987583E+3	12.772402E+3	20.027954E+3	12.390220E+3	0.000000E+0	0.000000E+0	0.000000E+0	82.476366E+3	25.000000	25.000000	25.000000	25.000000
2021-03-22 19:09:17	3.6992813579E+9	2.168169E-10	1.092176E+4	1.119684E+4	1.795712E+3	1.412343E+2	1.795182E+3	0.000000E+0	0.000000E+0	0.000000E+0	2.258407E+2	216.816903E-12	17.444962E+3	27.173910E+3	12.853905E+3	19.867019E+3	12.420251E+3	0.000000E+0	0.000000E+0	0.000000E+0	82.804770E+3	25.000000	25.000000	25.000000	25.000000
2021-03-22 19:10:12	3.6992814127E+9	2.168169E-10	1.091434E+4	1.118518E+4	1.795602E+3	1.398439E+2	1.793819E+3	0.000000E+0	0.000000E+0	0.000000E+0	2.271760E+2	216.816903E-12	17.541704E+3	27.413521E+3	12.860383E+3	20.332238E+3	12.452667E+3	0.000000E+0	0.000000E+0	0.000000E+0	83.122359E+3	25.000000	25.000000	25.000000	25.000000
2021-03-22 19:11:05	3.6992814653E+9	2.168169E-10	1.090667E+4	1.117575E+4	1.793854E+3	1.389091E+2	1.792638E+3	0.000000E+0	0.000000E+0	0.000000E+0	2.285355E+2	216.816903E-12	17.642693E+3	27.609852E+3	12.964157E+3	20.653984E+3	12.480664E+3	0.000000E+0	0.000000E+0	0.000000E+0	83.445477E+3	25.000000	25.000000	25.000000	25.000000
2021-03-22 19:12:09	3.6992815293E+9	2.168169E-10	1.089834E+4	1.116515E+4	1.793461E+3	1.405427E+2	1.791199E+3	0.000000E+0	0.000000E+0	0.000000E+0	2.302106E+2	216.816903E-12	17.753430E+3	27.833480E+3	12.987675E+3	20.096466E+3	12.514623E+3	0.000000E+0	0.000000E+0	0.000000E+0	83.843363E+3	25.000000	25.000000	25.000000	25.000000
2021-03-22 19:13:01	3.6992815819E+9	2.168169E-10	1.089130E+4	1.115720E+4	1.792178E+3	1.379689E+2	1.790141E+3	0.000000E+0	0.000000E+0	0.000000E+0	2.315009E+2	216.816903E-12	17.847825E+3	28.003235E+3	13.064835E+3	20.985163E+3	12.539451E+3	0.000000E+0	0.000000E+0	0.000000E+0	84.149628E+3	25.000000	25.000000	25.000000	25.000000
2021-03-22 19:13:54	3.6992816346E+9	2.168169E-10	1.088458E+4	1.114574E+4	1.791337E+3	1.370982E+2	1.789016E+3	0.000000E+0	0.000000E+0	0.000000E+0	2.327905E+2	216.816903E-12	17.938688E+3	28.250813E+3	13.115789E+3	21.298734E+3	12.565701E+3	0.000000E+0	0.000000E+0	0.000000E+0	84.455573E+3	25.000000	25.000000	25.000000	25.000000
2021-03-22 19:14:53	3.6992816934E+9	2.168169E-10	1.087741E+4	1.113805E+4	1.789622E+3	1.380792E+2	1.787791E+3	0.000000E+0	0.000000E+0	0.000000E+0	2.341206E+2	216.816903E-12	18.036454E+3	28.419209E+3	13.220641E+3	20.945889E+3	12.594202E+3	0.000000E+0	0.000000E+0	0.000000E+0	84.770964E+3	25.000000	25.000000	25.000000	25.000000
2021-03-22 19:15:46	3.6992817462E+9	2.168169E-10	1.087127E+4	1.112953E+4	1.789922E+3	1.370866E+2	1.786768E+3	0.000000E+0	0.000000E+0	0.000000E+0	2.353807E+2	216.816903E-12	18.120813E+3	28.607666E+3	13.202206E+3	21.302968E+3	12.617953E+3	0.000000E+0	0.000000E+0	0.000000E+0	85.069593E+3	25.000000	25.000000	25.000000	25.000000
2021-03-22 19:16:49	3.6992818096E+9	2.168169E-10	1.086499E+4	1.111985E+4	1.788418E+3	1.375838E+2	1.785709E+3	0.000000E+0	0.000000E+0	0.000000E+0	2.369845E+2	216.816903E-12	18.207876E+3	28.824055E+3	13.295052E+3	21.123005E+3	12.642298E+3	0.000000E+0	0.000000E+0	0.000000E+0	85.449447E+3	25.000000	25.000000	25.000000	25.000000
2021-03-22 19:17:42	3.6992818622E+9	2.168169E-10	1.085771E+4	1.111179E+4	1.788253E+3	1.350887E+2	1.784436E+3	0.000000E+0	0.000000E+0	0.000000E+0	2.382332E+2	216.816903E-12	18.309550E+3	29.006570E+3	13.305273E+3	22.048975E+3	12.671548E+3	0.000000E+0	0.000000E+0	0.000000E+0	85.745035E+3	25.000000	25.000000	25.000000	25.000000
2021-03-22 19:18:37	3.6992819171E+9	2.168169E-10	1.085176E+4	1.110419E+4	1.786738E+3	1.349761E+2	1.783542E+3	0.000000E+0	0.000000E+0	0.000000E+0	2.394762E+2	216.816903E-12	18.393372E+3	29.180401E+3	13.399880E+3	22.092134E+3	12.691981E+3	0.000000E+0	0.000000E+0	0.000000E+0	86.039124E+3	25.000000	25.000000	25.000000	25.000000
2021-03-22 19:19:30	3.6992819702E+9	2.168169E-10	1.084584E+4	1.109467E+4	1.786356E+3	1.371864E+2	1.782483E+3	0.000000E+0	0.000000E+0	0.000000E+0	2.407618E+2	216.816903E-12	18.477356E+3	29.400522E+3	13.423900E+3	21.266675E+3	12.716024E+3	0.000000E+0	0.000000E+0	0.000000E+0	86.343164E+3	25.000000	25.000000	25.000000	25.000000
2021-03-22 19:20:28	3.6992820285E+9	2.168169E-10	1.083948E+4	1.108736E+4	1.785517E+3	1.367521E+2	1.781432E+3	0.000000E+0	0.000000E+0	0.000000E+0	2.420358E+2	216.816903E-12	18.568272E+3	29.571338E+3	13.476888E+3	21.425292E+3	12.739844E+3	0.000000E+0	0.000000E+0	0.000000E+0	86.644306E+3	25.000000	25.000000	25.000000	25.000000
2021-03-22 19:21:21	3.6992820812E+9	2.168169E-10	1.083401E+4	1.107757E+4	1.784766E+3	1.357307E+2	1.780523E+3	0.000000E+0	0.000000E+0	0.000000E+0	2.432533E+2	216.816903E-12	18.647008E+3	29.802764E+3	13.524571E+3	21.805185E+3	12.760283E+3	0.000000E+0	0.000000E+0	0.000000E+0	86.931965E+3	25.000000	25.000000	25.000000	25.000000
2021-03-22 19:22:24	3.6992821448E+9	2.168169E-10	1.082860E+4	1.107107E+4	1.784592E+3	1.347101E+2	1.779570E+3	0.000000E+0	0.000000E+0	0.000000E+0	2.447994E+2	216.816903E-12	18.725450E+3	29.958103E+3	13.535606E+3	22.194595E+3	12.781656E+3	0.000000E+0	0.000000E+0	0.000000E+0	87.297102E+3	25.000000	25.000000	25.000000	25.000000
2021-03-22 19:23:17	3.6992821977E+9	2.168169E-10	1.082232E+4	1.106411E+4	1.783688E+3	1.350588E+2	1.778502E+3	0.000000E+0	0.000000E+0	0.000000E+0	2.460083E+2	216.816903E-12	18.817152E+3	30.125852E+3	13.593458E+3	22.060407E+3	12.805460E+3	0.000000E+0	0.000000E+0	0.000000E+0	87.582447E+3	25.000000	25.000000	25.000000	25.000000
2021-03-22 19:24:10	3.6992822504E+9	2.168169E-10	1.081727E+4	1.105671E+4	1.782950E+3	1.341056E+2	1.777652E+3	0.000000E+0	0.000000E+0	0.000000E+0	2.471908E+2	216.816903E-12	18.891415E+3	30.305997E+3	13.640869E+3	22.430005E+3	12.824335E+3	0.000000E+0	0.000000E+0	0.000000E+0	87.861475E+3	25.000000	25.000000	25.000000	25.000000
2021-03-22 19:25:02	3.6992823030E+9	2.168169E-10	1.081195E+4	1.105250E+4	1.782590E+3	1.354310E+2	1.776803E+3	0.000000E+0	0.000000E+0	0.000000E+0	2.483771E+2	216.816903E-12	18.970122E+3	30.409391E+3	13.664169E+3	21.918489E+3	12.843115E+3	0.000000E+0	0.000000E+0	0.000000E+0	88.141278E+3	25.000000	25.000000	25.000000	25.000000
2021-03-22 19:26:01	3.6992823618E+9	2.168169E-10	1.080660E+4	1.104599E+4	1.780541E+3	1.358319E+2	1.775799E+3	0.000000E+0	0.000000E+0	0.000000E+0	2.496052E+2	216.816903E-12	19.049814E+3	30.570271E+3	13.797605E+3	21.767099E+3	12.865164E+3	0.000000E+0	0.000000E+0	0.000000E+0	88.430812E+3	25.000000	25.000000	25.000000	25.000000
2021-03-22 19:26:54	3.6992824144E+9	2.168169E-10	1.080192E+4	1.103696E+4	1.780500E+3	1.338604E+2	1.775029E+3	0.000000E+0	0.000000E+0	0.000000E+0	2.507550E+2	216.816903E-12	19.120017E+3	30.795681E+3	13.800278E+3	22.526526E+3	12.882118E+3	0.000000E+0	0.000000E+0	0.000000E+0	88.701794E+3	25.000000	25.000000	25.000000	25.000000
2021-03-22 19:28:00	3.6992824802E+9	2.168169E-10	1.079717E+4	1.102909E+4	1.780470E+3	1.326981E+2	1.774204E+3	0.000000E+0	0.000000E+0	0.000000E+0	2.522296E+2	216.816903E-12	19.191631E+3	30.994249E+3	13.802232E+3	22.992285E+3	12.900057E+3	0.000000E+0	0.000000E+0	0.000000E+0	89.049187E+3	25.000000	25.000000	25.000000	25.000000
2021-03-22 19:28:52	3.6992825329E+9	2.168169E-10	1.079155E+4	1.102340E+4	1.779483E+3	1.314572E+2	1.773157E+3	0.000000E+0	0.000000E+0	0.000000E+0	2.534073E+2	216.816903E-12	19.276873E+3	31.139252E+3	13.867259E+3	23.505089E+3	12.922808E+3	0.000000E+0	0.000000E+0	0.000000E+0	89.326527E+3	25.000000	25.000000	25.000000	25.000000
2021-03-22 19:29:45	3.6992825857E+9	2.168169E-10	1.078670E+4	1.101835E+4	1.778509E+3	1.321863E+2	1.772421E+3	0.000000E+0	0.000000E+0	0.000000E+0	2.545411E+2	216.816903E-12	19.351055E+3	31.268969E+3	13.931871E+3	23.201847E+3	12.938634E+3	0.000000E+0	0.000000E+0	0.000000E+0	89.593450E+3	25.000000	25.000000	25.000000	25.000000
2021-03-22 19:30:44	3.6992826443E+9	2.168169E-10	1.078232E+4	1.101083E+4	1.777857E+3	1.328749E+2	1.771659E+3	0.000000E+0	0.000000E+0	0.000000E+0	2.557084E+2	216.816903E-12	19.418355E+3	31.463535E+3	13.975326E+3	22.920558E+3	12.955009E+3	0.000000E+0	0.000000E+0	0.000000E+0	89.868143E+3	25.000000	25.000000	25.000000	25.000000
2021-03-22 19:31:37	3.6992826973E+9	2.168169E-10	1.077741E+4	1.100466E+4	1.776797E+3	1.327085E+2	1.770749E+3	0.000000E+0	0.000000E+0	0.000000E+0	2.568345E+2	216.816903E-12	19.494230E+3	31.624696E+3	14.046484E+3	22.988083E+3	12.974467E+3	0.000000E+0	0.000000E+0	0.000000E+0	90.133085E+3	25.000000	25.000000	25.000000	25.000000
2021-03-22 19:32:29	3.6992827498E+9	2.168169E-10	1.077312E+4	1.099996E+4	1.777294E+3	1.319166E+2	1.770076E+3	0.000000E+0	0.000000E+0	0.000000E+0	2.579376E+2	216.816903E-12	19.560955E+3	31.748386E+3	14.013095E+3	23.313334E+3	12.988828E+3	0.000000E+0	0.000000E+0	0.000000E+0	90.392523E+3	25.000000	25.000000	25.000000	25.000000
2021-03-22 19:33:33	3.6992828134E+9	2.168169E-10	1.076758E+4	1.099178E+4	1.776831E+3	1.322753E+2	1.769307E+3	0.000000E+0	0.000000E+0	0.000000E+0	2.593352E+2	216.816903E-12	19.647621E+3	31.965517E+3	14.044213E+3	23.165196E+3	13.005148E+3	0.000000E+0	0.000000E+0	0.000000E+0	90.721100E+3	25.000000	25.000000	25.000000	25.000000
2021-03-22 19:34:26	3.6992828660E+9	2.168169E-10	1.076344E+4	1.098666E+4	1.776022E+3	1.315243E+2	1.768395E+3	0.000000E+0	0.000000E+0	0.000000E+0	2.604137E+2	216.816903E-12	19.712683E+3	32.102806E+3	14.098882E+3	23.476932E+3	13.024357E+3	0.000000E+0	0.000000E+0	0.000000E+0	90.974599E+3	25.000000	25.000000	25.000000	25.000000
2021-03-22 19:35:18	3.6992829189E+9	2.168169E-10	1.075946E+4	1.098170E+4	1.774996E+3	1.303466E+2	1.767768E+3	0.000000E+0	0.000000E+0	0.000000E+0	2.614844E+2	216.816903E-12	19.775690E+3	32.236686E+3	14.168655E+3	23.978120E+3	13.037476E+3	0.000000E+0	0.000000E+0	0.000000E+0	91.226182E+3	25.000000	25.000000	25.000000	25.000000
2021-03-22 19:36:19	3.6992829798E+9	2.168169E-10	1.075542E+4	1.097545E+4	1.774632E+3	1.317001E+2	1.767019E+3	0.000000E+0	0.000000E+0	0.000000E+0	2.626098E+2	216.816903E-12	19.840012E+3	32.406381E+3	14.193554E+3	23.403443E+3	13.053150E+3	0.000000E+0	0.000000E+0	0.000000E+0	91.490555E+3	25.000000	25.000000	25.000000	25.000000
2021-03-22 19:37:12	3.6992830327E+9	2.168169E-10	1.075107E+4	1.096961E+4	1.773645E+3	1.305062E+2	1.766194E+3	0.000000E+0	0.000000E+0	0.000000E+0	2.637161E+2	216.816903E-12	19.909448E+3	32.566676E+3	14.261351E+3	23.909317E+3	13.070243E+3	0.000000E+0	0.000000E+0	0.000000E+0	91.750394E+3	25.000000	25.000000	25.000000	25.000000
2021-03-22 19:38:05	3.6992830852E+9	2.168169E-10	1.074687E+4	1.096431E+4	1.773379E+3	1.300357E+2	1.765548E+3	0.000000E+0	0.000000E+0	0.000000E+0	2.647726E+2	216.816903E-12	19.976993E+3	32.712999E+3	14.279681E+3	24.113038E+3	13.083610E+3	0.000000E+0	0.000000E+0	0.000000E+0	91.998443E+3	25.000000	25.000000	25.000000	25.000000
2021-03-22 19:39:08	3.6992831488E+9	2.168169E-10	1.074242E+4	1.095812E+4	1.772387E+3	1.274052E+2	1.764902E+3	0.000000E+0	0.000000E+0	0.000000E+0	2.661053E+2	216.816903E-12	20.049031E+3	32.885421E+3	14.348464E+3	25.299167E+3	13.096904E+3	0.000000E+0	0.000000E+0	0.000000E+0	92.311277E+3	25.000000	25.000000	25.000000	25.000000
2021-03-22 19:40:01	3.6992832016E+9	2.168169E-10	1.073855E+4	1.095340E+4	1.771990E+3	1.304159E+2	1.764067E+3	0.000000E+0	0.000000E+0	0.000000E+0	2.671414E+2	216.816903E-12	20.111890E+3	33.017849E+3	14.376104E+3	23.948226E+3	13.114052E+3	0.000000E+0	0.000000E+0	0.000000E+0	92.554421E+3	25.000000	25.000000	25.000000	25.000000
2021-03-22 19:40:54	3.6992832544E+9	2.168169E-10	1.073482E+4	1.094897E+4	1.771822E+3	1.287430E+2	1.763433E+3	0.000000E+0	0.000000E+0	0.000000E+0	2.681804E+2	216.816903E-12	20.172706E+3	33.142896E+3	14.387839E+3	24.685680E+3	13.126923E+3	0.000000E+0	0.000000E+0	0.000000E+0	92.798197E+3	25.000000	25.000000	25.000000	25.000000
2021-03-22 19:41:53	3.6992833131E+9	2.168169E-10	1.073121E+4	1.094294E+4	1.770960E+3	1.288350E+2	1.762787E+3	0.000000E+0	0.000000E+0	0.000000E+0	2.692529E+2	216.816903E-12	20.231977E+3	33.314148E+3	14.448235E+3	24.644284E+3	13.140030E+3	0.000000E+0	0.000000E+0	0.000000E+0	93.049786E+3	25.000000	25.000000	25.000000	25.000000
2021-03-22 19:42:45	3.6992833657E+9	2.168169E-10	1.072737E+4	1.093661E+4	1.770697E+3	1.303573E+2	1.762062E+3	0.000000E+0	0.000000E+0	0.000000E+0	2.702728E+2	216.816903E-12	20.295305E+3	33.495984E+3	14.466736E+3	23.973500E+3	13.154706E+3	0.000000E+0	0.000000E+0	0.000000E+0	93.288981E+3	25.000000	25.000000	25.000000	25.000000
2021-03-22 19:43:38	3.6992834186E+9	2.168169E-10	1.072387E+4	1.093522E+4	1.770528E+3	1.287323E+2	1.761465E+3	0.000000E+0	0.000000E+0	0.000000E+0	2.713006E+2	216.816903E-12	20.353305E+3	33.535868E+3	14.478639E+3	24.690501E+3	13.166694E+3	0.000000E+0	0.000000E+0	0.000000E+0	93.529986E+3	25.000000	25.000000	25.000000	25.000000
2021-03-22 19:44:44	3.6992834844E+9	2.168169E-10	1.070687E+4	1.090836E+4	1.769716E+3	1.295007E+2	1.760857E+3	0.000000E+0	0.000000E+0	0.000000E+0	2.725883E+2	216.816903E-12	20.638488E+3	34.326147E+3	14.536085E+3	24.347690E+3	13.178811E+3	0.000000E+0	0.000000E+0	0.000000E+0	93.831860E+3	25.000000	25.000000	25.000000	25.000000
2021-03-22 19:45:37	3.6992835371E+9	2.168169E-10	1.070339E+4	1.090069E+4	1.769288E+3	1.288139E+2	1.759669E+3	0.000000E+0	0.000000E+0	0.000000E+0	2.736498E+2	216.816903E-12	20.697687E+3	34.557319E+3	14.566486E+3	24.653759E+3	13.202462E+3	0.000000E+0	0.000000E+0	0.000000E+0	94.080659E+3	25.000000	25.000000	25.000000	25.000000
2021-03-22 19:46:29	3.6992835898E+9	2.168169E-10	1.070026E+4	1.090016E+4	1.768540E+3	1.279189E+2	1.758975E+3	0.000000E+0	0.000000E+0	0.000000E+0	2.746810E+2	216.816903E-12	20.751279E+3	34.573298E+3	14.619806E+3	25.061030E+3	13.216127E+3	0.000000E+0	0.000000E+0	0.000000E+0	94.322324E+3	25.000000	25.000000	25.000000	25.000000
2021-03-22 19:47:28	3.6992836483E+9	2.168169E-10	1.069708E+4	1.089712E+4	1.767863E+3	1.272774E+2	1.758227E+3	0.000000E+0	0.000000E+0	0.000000E+0	2.757645E+2	216.816903E-12	20.805817E+3	34.665534E+3	14.668385E+3	25.358900E+3	13.230794E+3	0.000000E+0	0.000000E+0	0.000000E+0	94.576181E+3	25.000000	25.000000	25.000000	25.000000
2021-03-22 19:48:21	3.6992837013E+9	2.168169E-10	1.069419E+4	1.089394E+4	1.768775E+3	1.285023E+2	1.757456E+3	0.000000E+0	0.000000E+0	0.000000E+0	2.767909E+2	216.816903E-12	20.855465E+3	34.762633E+3	14.603014E+3	24.794467E+3	13.245789E+3	0.000000E+0	0.000000E+0	0.000000E+0	94.816644E+3	25.000000	25.000000	25.000000	25.000000
2021-03-22 19:49:13	3.6992837539E+9	2.168169E-10	1.069134E+4	1.088987E+4	1.766644E+3	1.268615E+2	1.756812E+3	0.000000E+0	0.000000E+0	0.000000E+0	2.778196E+2	216.816903E-12	20.904785E+3	34.887498E+3	14.756399E+3	25.554725E+3	13.258323E+3	0.000000E+0	0.000000E+0	0.000000E+0	95.057596E+3	25.000000	25.000000	25.000000	25.000000
2021-03-22 19:50:17	3.6992838174E+9	2.168169E-10	1.068775E+4	1.088632E+4	1.767017E+3	1.255218E+2	1.756030E+3	0.000000E+0	0.000000E+0	0.000000E+0	2.791310E+2	216.816903E-12	20.966989E+3	34.997007E+3	14.729374E+3	26.200448E+3	13.273373E+3	0.000000E+0	0.000000E+0	0.000000E+0	95.364706E+3	25.000000	25.000000	25.000000	25.000000
2021-03-22 19:51:10	3.6992838700E+9	2.168169E-10	1.068479E+4	1.088131E+4	1.765087E+3	1.268070E+2	1.755507E+3	0.000000E+0	0.000000E+0	0.000000E+0	2.801425E+2	216.816903E-12	21.018529E+3	35.152756E+3	14.870040E+3	25.580558E+3	13.283375E+3	0.000000E+0	0.000000E+0	0.000000E+0	95.601560E+3	25.000000	25.000000	25.000000	25.000000
2021-03-22 19:52:02	3.6992839226E+9	2.168169E-10	1.068214E+4	1.087779E+4	1.765198E+3	1.257172E+2	1.754915E+3	0.000000E+0	0.000000E+0	0.000000E+0	2.811616E+2	216.816903E-12	21.065036E+3	35.262608E+3	14.861864E+3	26.104849E+3	13.294652E+3	0.000000E+0	0.000000E+0	0.000000E+0	95.840152E+3	25.000000	25.000000	25.000000	25.000000
2021-03-22 19:53:03	3.6992839838E+9	2.168169E-10	1.067929E+4	1.087374E+4	1.764842E+3	1.266958E+2	1.754344E+3	0.000000E+0	0.000000E+0	0.000000E+0	2.822189E+2	216.816903E-12	21.115021E+3	35.389750E+3	14.887995E+3	25.633354E+3	13.305554E+3	0.000000E+0	0.000000E+0	0.000000E+0	96.087651E+3	25.000000	25.000000	25.000000	25.000000
2021-03-22 19:53:56	3.6992840364E+9	2.168169E-10	1.067639E+4	1.087138E+4	1.765092E+3	1.265417E+2	1.753684E+3	0.000000E+0	0.000000E+0	0.000000E+0	2.832592E+2	216.816903E-12	21.166087E+3	35.463975E+3	14.869658E+3	25.706764E+3	13.317958E+3	0.000000E+0	0.000000E+0	0.000000E+0	96.331134E+3	25.000000	25.000000	25.000000	25.000000
2021-03-22 19:54:49	3.6992840895E+9	2.168169E-10	1.067368E+4	1.086907E+4	1.763486E+3	1.276722E+2	1.753134E+3	0.000000E+0	0.000000E+0	0.000000E+0	2.842599E+2	216.816903E-12	21.214004E+3	35.537209E+3	14.988132E+3	25.174977E+3	13.328275E+3	0.000000E+0	0.000000E+0	0.000000E+0	96.565351E+3	25.000000	25.000000	25.000000	25.000000
2021-03-22 19:55:52	3.6992841526E+9	2.168169E-10	1.067033E+4	1.086252E+4	1.764316E+3	1.266890E+2	1.752530E+3	0.000000E+0	0.000000E+0	0.000000E+0	2.855294E+2	216.816903E-12	21.273570E+3	35.745836E+3	14.926754E+3	25.636554E+3	13.339596E+3	0.000000E+0	0.000000E+0	0.000000E+0	96.862406E+3	25.000000	25.000000	25.000000	25.000000
2021-03-22 19:56:45	3.6992842056E+9	2.168169E-10	1.066772E+4	1.085825E+4	1.763033E+3	1.259874E+2	1.751990E+3	0.000000E+0	0.000000E+0	0.000000E+0	2.865144E+2	216.816903E-12	21.319993E+3	35.883002E+3	15.021867E+3	25.973419E+3	13.349600E+3	0.000000E+0	0.000000E+0	0.000000E+0	97.092872E+3	25.000000	25.000000	25.000000	25.000000
2021-03-22 19:57:38	3.6992842583E+9	2.168169E-10	1.066519E+4	1.085643E+4	1.761738E+3	1.258983E+2	1.751491E+3	0.000000E+0	0.000000E+0	0.000000E+0	2.875047E+2	216.816903E-12	21.365340E+3	35.941491E+3	15.118760E+3	26.016635E+3	13.358812E+3	0.000000E+0	0.000000E+0	0.000000E+0	97.324566E+3	25.000000	25.000000	25.000000	25.000000
2021-03-22 19:58:36	3.6992843170E+9	2.168169E-10	1.066211E+4	1.084995E+4	1.763073E+3	1.263727E+2	1.750887E+3	0.000000E+0	0.000000E+0	0.000000E+0	2.885317E+2	216.816903E-12	21.420527E+3	36.151544E+3	15.018896E+3	25.787660E+3	13.369970E+3	0.000000E+0	0.000000E+0	0.000000E+0	97.564812E+3	25.000000	25.000000	25.000000	25.000000
2021-03-22 19:59:29	3.6992843696E+9	2.168169E-10	1.065970E+4	1.084958E+4	1.761130E+3	1.252951E+2	1.750388E+3	0.000000E+0	0.000000E+0	0.000000E+0	2.895089E+2	216.816903E-12	21.464030E+3	36.163739E+3	15.164617E+3	26.312040E+3	13.379102E+3	0.000000E+0	0.000000E+0	0.000000E+0	97.793404E+3	25.000000	25.000000	25.000000	25.000000
2021-03-22 20:00:33	3.6992844333E+9	2.168169E-10	1.065692E+4	1.084373E+4	1.761950E+3	1.251200E+2	1.749890E+3	0.000000E+0	0.000000E+0	0.000000E+0	2.907616E+2	216.816903E-12	21.514208E+3	36.355150E+3	15.102836E+3	26.398682E+3	13.388203E+3	0.000000E+0	0.000000E+0	0.000000E+0	98.086398E+3	25.000000	25.000000	25.000000	25.000000
2021-03-22 20:01:28	3.6992844881E+9	2.168169E-10	1.065429E+4	1.083763E+4	1.761779E+3	1.258986E+2	1.749263E+3	0.000000E+0	0.000000E+0	0.000000E+0	2.917277E+2	216.816903E-12	21.561825E+3	36.556715E+3	15.115683E+3	26.016515E+3	13.399528E+3	0.000000E+0	0.000000E+0	0.000000E+0	98.312344E+3	25.000000	25.000000	25.000000	25.000000
2021-03-22 20:02:20	3.6992845410E+9	2.168169E-10	1.065133E+4	1.083614E+4	1.761276E+3	1.250981E+2	1.748759E+3	0.000000E+0	0.000000E+0	0.000000E+0	2.927417E+2	216.816903E-12	21.615836E+3	36.606229E+3	15.153618E+3	26.409535E+3	13.408637E+3	0.000000E+0	0.000000E+0	0.000000E+0	98.549483E+3	25.000000	25.000000	25.000000	25.000000
2021-03-22 20:03:19	3.6992845996E+9	2.168169E-10	1.064891E+4	1.083538E+4	1.760764E+3	1.225892E+2	1.748292E+3	0.000000E+0	0.000000E+0	0.000000E+0	2.937441E+2	216.816903E-12	21.659953E+3	36.631433E+3	15.192267E+3	27.697855E+3	13.417015E+3	0.000000E+0	0.000000E+0	0.000000E+0	98.783868E+3	25.000000	25.000000	25.000000	25.000000
2021-03-22 20:04:23	3.6992846631E+9	2.168169E-10	1.064616E+4	1.083144E+4	1.760855E+3	1.249641E+2	1.747771E+3	0.000000E+0	0.000000E+0	0.000000E+0	2.949826E+2	216.816903E-12	21.710422E+3	36.762973E+3	15.185433E+3	26.476164E+3	13.426236E+3	0.000000E+0	0.000000E+0	0.000000E+0	99.073477E+3	25.000000	25.000000	25.000000	25.000000
2021-03-22 20:05:15	3.6992847159E+9	2.168169E-10	1.064278E+4	1.082297E+4	1.760122E+3	1.236739E+2	1.747167E+3	0.000000E+0	0.000000E+0	0.000000E+0	2.959464E+2	216.816903E-12	21.772577E+3	37.048209E+3	15.241044E+3	27.130081E+3	13.436960E+3	0.000000E+0	0.000000E+0	0.000000E+0	99.298831E+3	25.000000	25.000000	25.000000	25.000000
2021-03-22 20:06:14	3.6992847745E+9	2.168169E-10	1.064034E+4	1.082301E+4	1.759440E+3	1.219612E+2	1.746718E+3	0.000000E+0	0.000000E+0	0.000000E+0	2.969537E+2	216.816903E-12	21.817718E+3	37.046856E+3	15.293099E+3	28.034333E+3	13.444961E+3	0.000000E+0	0.000000E+0	0.000000E+0	99.534330E+3	25.000000	25.000000	25.000000	25.000000
2021-03-22 20:07:07	3.6992848272E+9	2.168169E-10	1.063793E+4	1.081857E+4	1.760110E+3	1.204065E+2	1.746203E+3	0.000000E+0	0.000000E+0	0.000000E+0	2.979243E+2	216.816903E-12	21.862350E+3	37.197805E+3	15.241963E+3	28.892707E+3	13.453961E+3	0.000000E+0	0.000000E+0	0.000000E+0	99.761250E+3	25.000000	25.000000	25.000000	25.000000
2021-03-22 20:07:59	3.6992848798E+9	2.168169E-10	1.063521E+4	1.081713E+4	1.759014E+3	1.259742E+2	1.745737E+3	0.000000E+0	0.000000E+0	0.000000E+0	2.988871E+2	216.816903E-12	21.913021E+3	37.246743E+3	15.325708E+3	25.979815E+3	13.462130E+3	0.000000E+0	0.000000E+0	0.000000E+0	99.986337E+3	25.000000	25.000000	25.000000	25.000000
2021-03-22 20:09:03	3.6992849436E+9	2.168169E-10	1.063238E+4	1.081253E+4	1.758270E+3	1.235890E+2	1.745207E+3	0.000000E+0	0.000000E+0	0.000000E+0	3.001172E+2	216.816903E-12	21.965802E+3	37.404460E+3	15.382944E+3	27.173912E+3	13.471332E+3	0.000000E+0	0.000000E+0	0.000000E+0	100.273897E+3	25.000000	25.000000	25.000000	25.000000
2021-03-22 20:09:58	3.6992849984E+9	2.168169E-10	1.062985E+4	1.080937E+4	1.757229E+3	1.217715E+2	1.744793E+3	0.000000E+0	0.000000E+0	0.000000E+0	3.010722E+2	216.816903E-12	22.013293E+3	37.513515E+3	15.463593E+3	28.137124E+3	13.478455E+3	0.000000E+0	0.000000E+0	0.000000E+0	100.497139E+3	25.000000	25.000000	25.000000	25.000000
2021-03-22 20:10:50	3.6992850510E+9	2.168169E-10	1.062738E+4	1.080476E+4	1.757065E+3	1.231674E+2	1.744293E+3	0.000000E+0	0.000000E+0	0.000000E+0	3.020713E+2	216.816903E-12	22.059659E+3	37.673416E+3	15.476345E+3	27.393144E+3	13.487029E+3	0.000000E+0	0.000000E+0	0.000000E+0	100.730708E+3	25.000000	25.000000	25.000000	25.000000
2021-03-22 20:11:49	3.6992851097E+9	2.168169E-10	1.062461E+4	1.080099E+4	1.756778E+3	1.198613E+2	1.743809E+3	0.000000E+0	0.000000E+0	0.000000E+0	3.030585E+2	216.816903E-12	22.112019E+3	37.804891E+3	15.498771E+3	29.202598E+3	13.495382E+3	0.000000E+0	0.000000E+0	0.000000E+0	100.961468E+3	25.000000	25.000000	25.000000	25.000000
2021-03-22 20:12:42	3.6992851624E+9	2.168169E-10	1.062228E+4	1.079832E+4	1.756459E+3	1.213322E+2	1.743396E+3	0.000000E+0	0.000000E+0	0.000000E+0	3.039992E+2	216.816903E-12	22.155981E+3	37.898654E+3	15.523646E+3	28.377172E+3	13.502381E+3	0.000000E+0	0.000000E+0	0.000000E+0	101.181344E+3	25.000000	25.000000	25.000000	25.000000
2021-03-22 20:13:45	3.6992852259E+9	2.168169E-10	1.061979E+4	1.079379E+4	1.756040E+3	1.192234E+2	1.742979E+3	0.000000E+0	0.000000E+0	0.000000E+0	3.052146E+2	216.816903E-12	22.203361E+3	38.058183E+3	15.556463E+3	29.571201E+3	13.509447E+3	0.000000E+0	0.000000E+0	0.000000E+0	101.465459E+3	25.000000	25.000000	25.000000	25.000000
2021-03-22 20:14:38	3.6992852786E+9	2.168169E-10	1.061721E+4	1.079090E+4	1.756148E+3	1.231791E+2	1.742426E+3	0.000000E+0	0.000000E+0	0.000000E+0	3.061581E+2	216.816903E-12	22.252598E+3	38.160686E+3	15.548042E+3	27.386994E+3	13.518811E+3	0.000000E+0	0.000000E+0	0.000000E+0	101.686010E+3	25.000000	25.000000	25.000000	25.000000
2021-03-22 20:15:31	3.6992853315E+9	2.168169E-10	1.061451E+4	1.078821E+4	1.755908E+3	1.229163E+2	1.742025E+3	0.000000E+0	0.000000E+0	0.000000E+0	3.071003E+2	216.816903E-12	22.304098E+3	38.256372E+3	15.566813E+3	27.524894E+3	13.525508E+3	0.000000E+0	0.000000E+0	0.000000E+0	101.906248E+3	25.000000	25.000000	25.000000	25.000000
2021-03-22 20:16:30	3.6992853900E+9	2.168169E-10	1.061207E+4	1.078666E+4	1.755448E+3	1.219094E+2	1.741613E+3	0.000000E+0	0.000000E+0	0.000000E+0	3.080826E+2	216.816903E-12	22.351018E+3	38.311958E+3	15.603030E+3	28.062337E+3	13.532416E+3	0.000000E+0	0.000000E+0	0.000000E+0	102.135849E+3	25.000000	25.000000	25.000000	25.000000
2021-03-22 20:17:22	3.6992854428E+9	2.168169E-10	1.060947E+4	1.078070E+4	1.754985E+3	1.205887E+2	1.741112E+3	0.000000E+0	0.000000E+0	0.000000E+0	3.090376E+2	216.816903E-12	22.400962E+3	38.525832E+3	15.639555E+3	28.790189E+3	13.540710E+3	0.000000E+0	0.000000E+0	0.000000E+0	102.359087E+3	25.000000	25.000000	25.000000	25.000000
2021-03-22 20:18:17	3.6992854978E+9	2.168169E-10	1.060715E+4	1.077838E+4	1.754877E+3	1.203406E+2	1.740715E+3	0.000000E+0	0.000000E+0	0.000000E+0	3.099761E+2	216.816903E-12	22.445874E+3	38.609820E+3	15.648129E+3	28.929940E+3	13.547224E+3	0.000000E+0	0.000000E+0	0.000000E+0	102.578467E+3	25.000000	25.000000	25.000000	25.000000
2021-03-22 20:19:15	3.6992855553E+9	2.168169E-10	1.060470E+4	1.077667E+4	1.753869E+3	1.204281E+2	1.740290E+3	0.000000E+0	0.000000E+0	0.000000E+0	3.112201E+2	216.816903E-12	22.493204E+3	38.671530E+3	15.728207E+3	28.880531E+3	13.554230E+3	0.000000E+0	0.000000E+0	0.000000E+0	102.869268E+3	25.000000	25.000000	25.000000	25.000000
2021-03-22 20:20:08	3.6992856084E+9	2.168169E-10	1.060200E+4	1.077397E+4	1.753864E+3	1.234705E+2	1.739836E+3	0.000000E+0	0.000000E+0	0.000000E+0	3.121725E+2	216.816903E-12	22.545742E+3	38.769701E+3	15.728579E+3	27.235268E+3	13.561629E+3	0.000000E+0	0.000000E+0	0.000000E+0	103.091907E+3	25.000000	25.000000	25.000000	25.000000
2021-03-22 20:21:00	3.6992856609E+9	2.168169E-10	1.059963E+4	1.077165E+4	1.753317E+3	1.219237E+2	1.739437E+3	0.000000E+0	0.000000E+0	0.000000E+0	3.131209E+2	216.816903E-12	22.592051E+3	38.854463E+3	15.772303E+3	28.054587E+3	13.568105E+3	0.000000E+0	0.000000E+0	0.000000E+0	103.313615E+3	25.000000	25.000000	25.000000	25.000000
2021-03-22 20:22:01	3.6992857220E+9	2.168169E-10	1.059710E+4	1.076712E+4	1.753851E+3	1.196920E+2	1.739000E+3	0.000000E+0	0.000000E+0	0.000000E+0	3.141163E+2	216.816903E-12	22.641578E+3	39.020415E+3	15.729640E+3	29.299798E+3	13.575249E+3	0.000000E+0	0.000000E+0	0.000000E+0	103.546326E+3	25.000000	25.000000	25.000000	25.000000
2021-03-22 20:22:54	3.6992857747E+9	2.168169E-10	1.059449E+4	1.076322E+4	1.753272E+3	1.206596E+2	1.738630E+3	0.000000E+0	0.000000E+0	0.000000E+0	3.150539E+2	216.816903E-12	22.692775E+3	39.164363E+3	15.775937E+3	28.750473E+3	13.581139E+3	0.000000E+0	0.000000E+0	0.000000E+0	103.765516E+3	25.000000	25.000000	25.000000	25.000000
2021-03-22 20:23:47	3.6992858273E+9	2.168169E-10	1.059197E+4	1.075985E+4	1.753836E+3	1.217120E+2	1.738121E+3	0.000000E+0	0.000000E+0	0.000000E+0	3.160099E+2	216.816903E-12	22.742403E+3	39.289373E+3	15.730846E+3	28.169449E+3	13.589267E+3	0.000000E+0	0.000000E+0	0.000000E+0	103.989015E+3	25.000000	25.000000	25.000000	25.000000
2021-03-22 20:24:46	3.6992858864E+9	2.168169E-10	1.058946E+4	1.075628E+4	1.753479E+3	1.223945E+2	1.737693E+3	0.000000E+0	0.000000E+0	0.000000E+0	3.170025E+2	216.816903E-12	22.792053E+3	39.422714E+3	15.759375E+3	27.801565E+3	13.596083E+3	0.000000E+0	0.000000E+0	0.000000E+0	104.221085E+3	25.000000	25.000000	25.000000	25.000000
2021-03-22 20:25:38	3.6992859388E+9	2.168169E-10	1.058682E+4	1.075379E+4	1.752494E+3	1.201311E+2	1.737252E+3	0.000000E+0	0.000000E+0	0.000000E+0	3.179461E+2	216.816903E-12	22.844540E+3	39.516029E+3	15.838414E+3	29.048646E+3	13.603075E+3	0.000000E+0	0.000000E+0	0.000000E+0	104.441715E+3	25.000000	25.000000	25.000000	25.000000
2021-03-22 20:26:33	3.6992859937E+9	2.168169E-10	1.058465E+4	1.075115E+4	1.751891E+3	1.194860E+2	1.736835E+3	0.000000E+0	0.000000E+0	0.000000E+0	3.188996E+2	216.816903E-12	22.887751E+3	39.615415E+3	15.887156E+3	29.418655E+3	13.609581E+3	0.000000E+0	0.000000E+0	0.000000E+0	104.664664E+3	25.000000	25.000000	25.000000	25.000000
2021-03-22 20:27:31	3.6992860514E+9	2.168169E-10	1.058178E+4	1.074801E+4	1.752483E+3	1.194995E+2	1.736407E+3	0.000000E+0	0.000000E+0	0.000000E+0	3.201634E+2	216.816903E-12	22.945027E+3	39.733758E+3	15.839309E+3	29.410875E+3	13.616291E+3	0.000000E+0	0.000000E+0	0.000000E+0	104.960194E+3	25.000000	25.000000	25.000000	25.000000
2021-03-22 20:28:24	3.6992861041E+9	2.168169E-10	1.057954E+4	1.074280E+4	1.752033E+3	1.199513E+2	1.735976E+3	0.000000E+0	0.000000E+0	0.000000E+0	3.211264E+2	216.816903E-12	22.989973E+3	39.931889E+3	15.875656E+3	29.151111E+3	13.623029E+3	0.000000E+0	0.000000E+0	0.000000E+0	105.185404E+3	25.000000	25.000000	25.000000	25.000000
2021-03-22 20:29:51	3.6992861910E+9	2.168169E-10	1.057556E+4	1.073890E+4	1.751646E+3	1.190956E+2	1.735068E+3	0.000000E+0	0.000000E+0	0.000000E+0	3.227083E+2	216.816903E-12	23.070132E+3	40.081212E+3	15.906967E+3	29.645836E+3	13.636981E+3	0.000000E+0	0.000000E+0	0.000000E+0	105.555368E+3	25.000000	25.000000	25.000000	25.000000
2021-03-22 20:30:59	3.6992862591E+9	2.168169E-10	1.057232E+4	1.073635E+4	1.751976E+3	1.197599E+2	1.734658E+3	0.000000E+0	0.000000E+0	0.000000E+0	3.239551E+2	216.816903E-12	23.135555E+3	40.179253E+3	15.880238E+3	29.260748E+3	13.643277E+3	0.000000E+0	0.000000E+0	0.000000E+0	105.846973E+3	25.000000	25.000000	25.000000	25.000000
2021-03-22 20:31:57	3.6992863178E+9	2.168169E-10	1.056951E+4	1.073374E+4	1.750380E+3	1.175426E+2	1.734299E+3	0.000000E+0	0.000000E+0	0.000000E+0	3.249176E+2	216.816903E-12	23.192735E+3	40.280029E+3	16.010157E+3	30.574513E+3	13.648653E+3	0.000000E+0	0.000000E+0	0.000000E+0	106.072116E+3	25.000000	25.000000	25.000000	25.000000
2021-03-22 20:32:50	3.6992863706E+9	2.168169E-10	1.056723E+4	1.073151E+4	1.750311E+3	1.166792E+2	1.733856E+3	0.000000E+0	0.000000E+0	0.000000E+0	3.258905E+2	216.816903E-12	23.239166E+3	40.366725E+3	16.015747E+3	31.108732E+3	13.655382E+3	0.000000E+0	0.000000E+0	0.000000E+0	106.299712E+3	25.000000	25.000000	25.000000	25.000000
2021-03-22 20:33:49	3.6992864292E+9	2.168169E-10	1.056455E+4	1.072753E+4	1.751197E+3	1.174036E+2	1.733475E+3	0.000000E+0	0.000000E+0	0.000000E+0	3.269090E+2	216.816903E-12	23.294068E+3	40.521575E+3	15.943413E+3	30.659675E+3	13.661113E+3	0.000000E+0	0.000000E+0	0.000000E+0	106.537990E+3	25.000000	25.000000	25.000000	25.000000
2021-03-22 20:34:41	3.6992864818E+9	2.168169E-10	1.056214E+4	1.072416E+4	1.750062E+3	1.183516E+2	1.732971E+3	0.000000E+0	0.000000E+0	0.000000E+0	3.278885E+2	216.816903E-12	23.343508E+3	40.653488E+3	16.036188E+3	30.085659E+3	13.668626E+3	0.000000E+0	0.000000E+0	0.000000E+0	106.767160E+3	25.000000	25.000000	25.000000	25.000000
2021-03-22 20:35:36	3.6992865367E+9	2.168169E-10	1.055951E+4	1.071978E+4	1.749927E+3	1.192132E+2	1.732603E+3	0.000000E+0	0.000000E+0	0.000000E+0	3.288751E+2	216.816903E-12	23.397613E+3	40.825994E+3	16.047258E+3	29.577110E+3	13.674101E+3	0.000000E+0	0.000000E+0	0.000000E+0	106.998011E+3	25.000000	25.000000	25.000000	25.000000
2021-03-22 20:36:34	3.6992865944E+9	2.168169E-10	1.055698E+4	1.071587E+4	1.748474E+3	1.181545E+2	1.732128E+3	0.000000E+0	0.000000E+0	0.000000E+0	3.301807E+2	216.816903E-12	23.449962E+3	40.981284E+3	16.167296E+3	30.203758E+3	13.681017E+3	0.000000E+0	0.000000E+0	0.000000E+0	107.303532E+3	25.000000	25.000000	25.000000	25.000000
2021-03-22 20:37:35	3.6992866552E+9	2.168169E-10	1.055432E+4	1.071424E+4	1.748927E+3	1.184905E+2	1.731674E+3	0.000000E+0	0.000000E+0	0.000000E+0	3.312179E+2	216.816903E-12	23.505033E+3	41.045852E+3	16.129696E+3	30.002878E+3	13.687723E+3	0.000000E+0	0.000000E+0	0.000000E+0	107.546289E+3	25.000000	25.000000	25.000000	25.000000
2021-03-22 20:38:27	3.6992867079E+9	2.168169E-10	1.055118E+4	1.070957E+4	1.748883E+3	1.180960E+2	1.731212E+3	0.000000E+0	0.000000E+0	0.000000E+0	3.322246E+2	216.816903E-12	23.570333E+3	41.232897E+3	16.133361E+3	30.238955E+3	13.694384E+3	0.000000E+0	0.000000E+0	0.000000E+0	107.781901E+3	25.000000	25.000000	25.000000	25.000000
2021-03-22 20:39:26	3.6992867667E+9	2.168169E-10	1.054836E+4	1.070623E+4	1.748769E+3	1.174718E+2	1.730762E+3	0.000000E+0	0.000000E+0	0.000000E+0	3.332861E+2	216.816903E-12	23.629349E+3	41.367363E+3	16.142797E+3	30.617828E+3	13.700872E+3	0.000000E+0	0.000000E+0	0.000000E+0	108.030385E+3	25.000000	25.000000	25.000000	25.000000
2021-03-22 20:40:19	3.6992868196E+9	2.168169E-10	1.054565E+4	1.070290E+4	1.748770E+3	1.176172E+2	1.730378E+3	0.000000E+0	0.000000E+0	0.000000E+0	3.343042E+2	216.816903E-12	23.686216E+3	41.502012E+3	16.142758E+3	30.529015E+3	13.706403E+3	0.000000E+0	0.000000E+0	0.000000E+0	108.268752E+3	25.000000	25.000000	25.000000	25.000000
2021-03-22 20:41:22	3.6992868829E+9	2.168169E-10	1.054299E+4	1.069964E+4	1.747818E+3	1.158515E+2	1.729933E+3	0.000000E+0	0.000000E+0	0.000000E+0	3.356358E+2	216.816903E-12	23.742216E+3	41.634496E+3	16.221940E+3	31.633312E+3	13.712791E+3	0.000000E+0	0.000000E+0	0.000000E+0	108.580518E+3	25.000000	25.000000	25.000000	25.000000
2021-03-22 20:42:15	3.6992869357E+9	2.168169E-10	1.053973E+4	1.069715E+4	1.747868E+3	1.163785E+2	1.729407E+3	0.000000E+0	0.000000E+0	0.000000E+0	3.366798E+2	216.816903E-12	23.811121E+3	41.736149E+3	16.217726E+3	31.297901E+3	13.720206E+3	0.000000E+0	0.000000E+0	0.000000E+0	108.825005E+3	25.000000	25.000000	25.000000	25.000000
2021-03-22 20:43:08	3.6992869886E+9	2.168169E-10	1.053702E+4	1.069679E+4	1.746969E+3	1.182006E+2	1.729017E+3	0.000000E+0	0.000000E+0	0.000000E+0	3.377489E+2	216.816903E-12	23.868752E+3	41.750864E+3	16.293037E+3	30.176067E+3	13.725666E+3	0.000000E+0	0.000000E+0	0.000000E+0	109.075382E+3	25.000000	25.000000	25.000000	25.000000
2021-03-22 20:44:09	3.6992870495E+9	2.168169E-10	1.053414E+4	1.069077E+4	1.747166E+3	1.175471E+2	1.728550E+3	0.000000E+0	0.000000E+0	0.000000E+0	3.388622E+2	216.816903E-12	23.930024E+3	41.998283E+3	16.276477E+3	30.571783E+3	13.732112E+3	0.000000E+0	0.000000E+0	0.000000E+0	109.336144E+3	25.000000	25.000000	25.000000	25.000000
2021-03-22 20:45:02	3.6992871024E+9	2.168169E-10	1.053093E+4	1.068818E+4	1.747351E+3	1.166528E+2	1.728050E+3	0.000000E+0	0.000000E+0	0.000000E+0	3.400156E+2	216.816903E-12	23.998822E+3	42.105535E+3	16.261001E+3	31.125279E+3	13.739078E+3	0.000000E+0	0.000000E+0	0.000000E+0	109.606350E+3	25.000000	25.000000	25.000000	25.000000
2021-03-22 20:45:54	3.6992871548E+9	2.168169E-10	1.052784E+4	1.068454E+4	1.747093E+3	1.166561E+2	1.727607E+3	0.000000E+0	0.000000E+0	0.000000E+0	3.411301E+2	216.816903E-12	24.065339E+3	42.257045E+3	16.282573E+3	31.123235E+3	13.745131E+3	0.000000E+0	0.000000E+0	0.000000E+0	109.867468E+3	25.000000	25.000000	25.000000	25.000000
