#

Date1	Date2	R0	R1	R2	R3	R4	R5	R6	R7	R8	R9	T0	T1	T2	T3	T4	T5	T6	T7	T8	T9	I0	I1	I2	I3
Date(String)	Date(Number)	C_still	3K	Still	MC - TT1810	MC - Cernox	50 mK				50K	C_still	3K	Still	MC - TT1810	MC - Cernox	50 mK				50K	Sorb3K	3K	Still	MC
		No Calibration	RuO2-10K-NEW	RuO2 10k	TT-1810	CernoxA - mk	RuO2 1k5	No Calibration	No Calibration	No Calibration	PT1000	No Calibration	RuO2-10K-NEW	RuO2 10k	TT-1810	CernoxA - mk	RuO2 1k5	No Calibration	No Calibration	No Calibration	PT1000				
2021-03-22 15:48:59	3.6992693396E+9	1.566588E-10	1.517862E+4	0.000000E+0	0.000000E+0	0.000000E+0	0.000000E+0	0.000000E+0	0.000000E+0	0.000000E+0	0.000000E+0	156.658771E-12	3.620830E+3	Inf	NaN	NaN	0.000000E+0	0.000000E+0	0.000000E+0	0.000000E+0	-Inf	0.000000	0.000000	0.000000	0.000000
2021-03-22 15:51:15	3.6992694756E+9	1.941080E-10	1.517826E+4	4.988876E+4	2.375394E+4	0.000000E+0	0.000000E+0	0.000000E+0	0.000000E+0	0.000000E+0	0.000000E+0	194.108045E-12	3.621078E+3	1.008327E+3	32.340844E+0	NaN	0.000000E+0	0.000000E+0	0.000000E+0	0.000000E+0	-Inf	0.000000	0.000000	0.000000	0.000000
2021-03-22 15:52:43	3.6992695639E+9	2.274325E-10	1.517645E+4	4.987758E+4	2.376222E+4	1.346372E+5	5.391105E+3	0.000000E+0	0.000000E+0	0.000000E+0	0.000000E+0	227.432461E-12	3.622315E+3	1.008537E+3	32.324710E+0	65.541287E+0	168.160728E+0	0.000000E+0	0.000000E+0	0.000000E+0	-Inf	0.000000	0.000000	0.000000	0.000000
2021-03-22 15:53:22	3.6992696027E+9	2.337439E-10	1.517665E+4	4.982148E+4	2.376117E+4	1.336681E+5	5.393673E+3	0.000000E+0	0.000000E+0	0.000000E+0	0.000000E+0	233.743936E-12	3.622175E+3	1.009588E+3	32.326758E+0	66.273825E+0	167.950256E+0	0.000000E+0	0.000000E+0	0.000000E+0	-Inf	0.000000	0.000000	0.000000	0.000000
2021-03-22 15:54:03	3.6992696440E+9	2.460591E-10	1.517737E+4	4.990054E+4	2.375678E+4	1.374179E+5	5.392573E+3	0.000000E+0	0.000000E+0	0.000000E+0	0.000000E+0	246.059147E-12	3.621686E+3	1.008107E+3	32.335302E+0	63.438660E+0	168.040176E+0	0.000000E+0	0.000000E+0	0.000000E+0	-Inf	0.000000	0.000000	0.000000	0.000000
2021-03-22 15:54:40	3.6992696808E+9	2.581343E-10	1.517631E+4	4.987799E+4	2.370575E+4	1.360493E+5	5.392426E+3	0.000000E+0	0.000000E+0	0.000000E+0	0.000000E+0	258.134253E-12	3.622406E+3	1.008529E+3	32.435022E+0	64.473465E+0	168.052677E+0	0.000000E+0	0.000000E+0	0.000000E+0	-Inf	0.000000	0.000000	0.000000	0.000000
2021-03-22 15:55:19	3.6992697196E+9	2.498826E-10	1.517752E+4	4.996720E+4	2.371919E+4	1.373892E+5	5.392324E+3	0.000000E+0	0.000000E+0	0.000000E+0	0.000000E+0	249.882645E-12	3.621580E+3	1.006862E+3	32.408725E+0	63.460338E+0	168.061049E+0	0.000000E+0	0.000000E+0	0.000000E+0	-Inf	0.000000	0.000000	0.000000	0.000000
2021-03-22 15:55:56	3.6992697564E+9	2.625041E-10	1.517882E+4	4.987755E+4	2.370699E+4	1.349921E+5	5.391514E+3	0.000000E+0	0.000000E+0	0.000000E+0	0.000000E+0	262.504084E-12	3.620694E+3	1.008537E+3	32.432601E+0	65.272891E+0	168.126562E+0	0.000000E+0	0.000000E+0	0.000000E+0	-Inf	0.000000	0.000000	0.000000	0.000000
2021-03-22 15:56:33	3.6992697936E+9	2.472457E-10	1.517689E+4	4.995058E+4	2.371313E+4	1.366519E+5	5.393679E+3	0.000000E+0	0.000000E+0	0.000000E+0	0.000000E+0	247.245673E-12	3.622013E+3	1.007172E+3	32.420574E+0	64.017760E+0	167.949421E+0	0.000000E+0	0.000000E+0	0.000000E+0	-Inf	0.000000	0.000000	0.000000	0.000000
2021-03-22 15:57:12	3.6992698320E+9	2.547707E-10	1.517620E+4	4.993510E+4	2.370920E+4	1.317288E+5	5.394052E+3	0.000000E+0	0.000000E+0	0.000000E+0	0.000000E+0	254.770745E-12	3.622483E+3	1.007461E+3	32.428278E+0	67.738169E+0	167.918093E+0	0.000000E+0	0.000000E+0	0.000000E+0	-Inf	0.000000	0.000000	0.000000	0.000000
2021-03-22 15:57:51	3.6992698715E+9	2.444480E-10	1.517905E+4	4.994955E+4	2.371372E+4	1.361416E+5	5.391735E+3	0.000000E+0	0.000000E+0	0.000000E+0	0.000000E+0	244.447979E-12	3.620543E+3	1.007191E+3	32.419412E+0	64.403620E+0	168.109321E+0	0.000000E+0	0.000000E+0	0.000000E+0	-Inf	0.000000	0.000000	0.000000	0.000000
2021-03-22 15:58:30	3.6992699100E+9	2.439884E-10	1.517895E+4	4.994270E+4	2.372866E+4	1.284478E+5	5.392955E+3	0.000000E+0	0.000000E+0	0.000000E+0	0.000000E+0	243.988400E-12	3.620609E+3	1.007319E+3	32.390207E+0	70.206038E+0	168.009587E+0	0.000000E+0	0.000000E+0	0.000000E+0	-Inf	0.000000	0.000000	0.000000	0.000000
2021-03-22 15:59:09	3.6992699492E+9	2.335381E-10	1.517685E+4	4.991529E+4	2.373113E+4	1.354820E+5	5.391901E+3	0.000000E+0	0.000000E+0	0.000000E+0	0.000000E+0	233.538112E-12	3.622039E+3	1.007831E+3	32.385372E+0	64.902429E+0	168.095928E+0	0.000000E+0	0.000000E+0	0.000000E+0	-Inf	0.000000	0.000000	0.000000	0.000000
2021-03-22 15:59:47	3.6992699879E+9	2.375004E-10	1.518014E+4	4.998228E+4	2.371367E+4	1.372373E+5	5.390201E+3	0.000000E+0	0.000000E+0	0.000000E+0	0.000000E+0	237.500378E-12	3.619795E+3	1.006580E+3	32.419523E+0	63.575208E+0	168.235353E+0	0.000000E+0	0.000000E+0	0.000000E+0	-Inf	0.000000	0.000000	0.000000	0.000000
2021-03-22 16:00:27	3.6992700271E+9	2.347065E-10	1.517899E+4	4.991572E+4	2.371667E+4	1.236198E+5	5.389678E+3	0.000000E+0	0.000000E+0	0.000000E+0	0.000000E+0	234.706517E-12	3.620576E+3	1.007823E+3	32.413642E+0	73.798329E+0	168.278732E+0	0.000000E+0	0.000000E+0	0.000000E+0	-Inf	0.000000	0.000000	0.000000	0.000000
2021-03-22 16:01:47	3.6992701077E+9	2.341149E-10	1.517766E+4	4.997213E+4	2.372623E+4	1.289883E+5	5.390253E+3	0.000000E+0	0.000000E+0	0.000000E+0	0.000000E+0	234.114929E-12	3.621486E+3	1.006770E+3	32.394948E+0	69.800587E+0	168.231197E+0	0.000000E+0	0.000000E+0	0.000000E+0	-Inf	0.000000	0.000000	0.000000	0.000000
2021-03-22 16:02:34	3.6992701542E+9	2.420789E-10	1.517459E+4	4.996024E+4	2.367875E+4	1.297984E+5	5.390638E+3	0.000000E+0	0.000000E+0	0.000000E+0	0.000000E+0	242.078891E-12	3.623581E+3	1.006991E+3	32.487977E+0	69.192061E+0	168.198720E+0	0.000000E+0	0.000000E+0	0.000000E+0	-Inf	0.000000	0.000000	0.000000	0.000000
2021-03-22 16:03:28	3.6992702086E+9	2.439487E-10	1.517153E+4	4.995390E+4	2.369561E+4	1.336908E+5	5.391832E+3	0.000000E+0	0.000000E+0	0.000000E+0	0.000000E+0	243.948658E-12	3.625672E+3	1.007110E+3	32.454896E+0	66.256709E+0	168.101142E+0	0.000000E+0	0.000000E+0	0.000000E+0	-Inf	0.000000	0.000000	0.000000	0.000000
2021-03-22 16:04:25	3.6992702653E+9	2.421262E-10	1.516803E+4	4.989767E+4	2.369704E+4	1.380943E+5	5.392608E+3	0.000000E+0	0.000000E+0	0.000000E+0	0.000000E+0	242.126214E-12	3.628070E+3	1.008161E+3	32.452096E+0	62.927498E+0	168.037028E+0	0.000000E+0	0.000000E+0	0.000000E+0	-Inf	0.000000	0.000000	0.000000	0.000000
2021-03-22 16:05:20	3.6992703205E+9	2.447044E-10	1.525072E+4	4.999693E+4	2.380695E+4	1.287700E+5	5.392503E+3	0.000000E+0	0.000000E+0	0.000000E+0	0.000000E+0	244.704374E-12	3.572346E+3	1.006307E+3	32.237710E+0	69.964434E+0	168.045089E+0	0.000000E+0	0.000000E+0	0.000000E+0	-Inf	0.000000	0.000000	0.000000	0.000000
2021-03-22 16:06:12	3.6992703729E+9	2.429312E-10	1.525524E+4	5.537688E+4	2.363572E+4	1.323850E+5	5.380357E+3	0.000000E+0	0.000000E+0	0.000000E+0	0.000000E+0	242.931190E-12	3.569349E+3	914.909953E+0	32.572613E+0	67.243038E+0	169.047481E+0	0.000000E+0	0.000000E+0	0.000000E+0	-Inf	0.000000	0.000000	0.000000	0.000000
2021-03-22 16:07:05	3.6992704251E+9	2.336372E-10	1.525689E+4	6.807542E+4	2.400315E+4	1.266952E+5	5.353576E+3	0.000000E+0	0.000000E+0	0.000000E+0	0.000000E+0	233.637193E-12	3.568252E+3	756.209599E+0	31.860096E+0	71.516612E+0	171.289591E+0	0.000000E+0	0.000000E+0	0.000000E+0	-Inf	0.000000	0.000000	0.000000	0.000000
2021-03-22 16:07:59	3.6992704794E+9	2.249262E-10	1.526311E+4	7.150306E+4	2.432430E+4	1.372995E+5	5.343198E+3	0.000000E+0	0.000000E+0	0.000000E+0	0.000000E+0	224.926196E-12	3.564145E+3	723.867038E+0	31.255472E+0	63.528174E+0	172.169992E+0	0.000000E+0	0.000000E+0	0.000000E+0	-Inf	0.000000	0.000000	0.000000	0.000000
2021-03-22 16:08:51	3.6992705318E+9	2.222002E-10	1.526052E+4	7.101951E+4	2.461794E+4	1.382415E+5	5.337626E+3	0.000000E+0	0.000000E+0	0.000000E+0	0.000000E+0	222.200213E-12	3.565855E+3	728.211880E+0	30.716383E+0	62.816302E+0	172.646612E+0	0.000000E+0	0.000000E+0	0.000000E+0	-Inf	0.000000	0.000000	0.000000	0.000000
2021-03-22 16:09:44	3.6992705845E+9	2.134147E-10	1.526542E+4	7.104782E+4	2.488537E+4	1.365786E+5	5.341959E+3	0.000000E+0	0.000000E+0	0.000000E+0	0.000000E+0	213.414718E-12	3.562617E+3	727.955616E+0	30.236129E+0	64.073216E+0	172.277439E+0	0.000000E+0	0.000000E+0	0.000000E+0	-Inf	0.000000	0.000000	0.000000	0.000000
2021-03-22 16:10:39	3.6992706399E+9	2.148039E-10	1.525965E+4	7.155765E+4	2.516390E+4	1.386485E+5	5.344712E+3	0.000000E+0	0.000000E+0	0.000000E+0	0.000000E+0	214.803924E-12	3.566428E+3	723.380812E+0	29.746105E+0	62.508892E+0	172.041838E+0	0.000000E+0	0.000000E+0	0.000000E+0	-Inf	0.000000	0.000000	0.000000	0.000000
2021-03-22 16:11:34	3.6992706944E+9	2.114039E-10	1.525956E+4	7.176435E+4	2.540741E+4	1.388156E+5	5.354886E+3	0.000000E+0	0.000000E+0	0.000000E+0	0.000000E+0	211.403864E-12	3.566487E+3	721.547497E+0	29.325705E+0	62.382655E+0	171.179066E+0	0.000000E+0	0.000000E+0	0.000000E+0	-Inf	0.000000	0.000000	0.000000	0.000000
2021-03-22 16:12:28	3.6992707489E+9	2.118193E-10	1.525906E+4	7.184717E+4	2.563859E+4	1.285759E+5	5.363297E+3	0.000000E+0	0.000000E+0	0.000000E+0	0.000000E+0	211.819251E-12	3.566820E+3	720.816473E+0	28.933109E+0	70.109953E+0	170.470617E+0	0.000000E+0	0.000000E+0	0.000000E+0	-Inf	0.000000	0.000000	0.000000	0.000000
2021-03-22 16:13:20	3.6992708010E+9	2.090880E-10	1.526637E+4	7.164534E+4	2.585716E+4	1.333399E+5	5.371204E+3	0.000000E+0	0.000000E+0	0.000000E+0	0.000000E+0	209.088033E-12	3.561990E+3	722.601574E+0	28.567439E+0	66.521881E+0	169.809917E+0	0.000000E+0	0.000000E+0	0.000000E+0	-Inf	0.000000	0.000000	0.000000	0.000000
2021-03-22 16:14:17	3.6992708576E+9	2.138183E-10	1.526292E+4	7.160732E+4	2.606929E+4	1.393772E+5	5.375917E+3	0.000000E+0	0.000000E+0	0.000000E+0	0.000000E+0	213.818270E-12	3.564270E+3	722.939169E+0	28.217404E+0	61.958758E+0	169.416190E+0	0.000000E+0	0.000000E+0	0.000000E+0	-Inf	0.000000	0.000000	0.000000	0.000000
2021-03-22 16:15:09	3.6992709097E+9	2.169184E-10	1.526355E+4	7.179789E+4	2.624320E+4	1.369944E+5	5.375866E+3	0.000000E+0	0.000000E+0	0.000000E+0	0.000000E+0	216.918417E-12	3.563853E+3	721.251258E+0	27.933857E+0	63.758829E+0	169.419690E+0	0.000000E+0	0.000000E+0	0.000000E+0	-Inf	0.000000	0.000000	0.000000	0.000000
2021-03-22 16:16:14	3.6992709744E+9	2.219996E-10	1.526504E+4	7.181236E+4	2.644655E+4	1.329528E+5	5.371061E+3	0.000000E+0	0.000000E+0	0.000000E+0	0.000000E+0	221.999640E-12	3.562869E+3	721.123491E+0	27.605996E+0	66.814294E+0	169.821302E+0	0.000000E+0	0.000000E+0	0.000000E+0	-Inf	0.000000	0.000000	0.000000	0.000000
2021-03-22 16:17:04	3.6992710247E+9	2.252716E-10	1.526961E+4	7.169467E+4	2.659885E+4	1.364169E+5	5.358095E+3	0.000000E+0	0.000000E+0	0.000000E+0	0.000000E+0	225.271617E-12	3.559860E+3	722.164207E+0	27.362952E+0	64.195504E+0	170.907122E+0	0.000000E+0	0.000000E+0	0.000000E+0	-Inf	0.000000	0.000000	0.000000	0.000000
2021-03-22 16:17:59	3.6992710790E+9	2.323903E-10	1.527083E+4	7.159377E+4	2.676376E+4	1.396648E+5	5.351680E+3	0.000000E+0	0.000000E+0	0.000000E+0	0.000000E+0	232.390297E-12	3.559055E+3	723.059547E+0	27.102107E+0	61.741760E+0	171.450542E+0	0.000000E+0	0.000000E+0	0.000000E+0	-Inf	0.000000	0.000000	0.000000	0.000000
2021-03-22 16:18:55	3.6992711357E+9	2.222363E-10	1.527306E+4	7.154319E+4	2.687560E+4	1.373893E+5	5.350270E+3	0.000000E+0	0.000000E+0	0.000000E+0	0.000000E+0	222.236289E-12	3.557584E+3	723.509537E+0	26.926527E+0	63.460311E+0	171.569601E+0	0.000000E+0	0.000000E+0	0.000000E+0	-Inf	0.000000	0.000000	0.000000	0.000000
2021-03-22 16:19:47	3.6992711880E+9	2.316964E-10	1.527236E+4	7.151126E+4	2.698528E+4	1.374650E+5	5.346946E+3	0.000000E+0	0.000000E+0	0.000000E+0	0.000000E+0	231.696421E-12	3.558044E+3	723.793936E+0	26.755329E+0	63.403083E+0	171.851284E+0	0.000000E+0	0.000000E+0	0.000000E+0	-Inf	0.000000	0.000000	0.000000	0.000000
2021-03-22 16:20:40	3.6992712402E+9	2.363198E-10	1.526741E+4	7.162765E+4	2.710191E+4	1.422713E+5	5.349100E+3	0.000000E+0	0.000000E+0	0.000000E+0	0.000000E+0	236.319762E-12	3.561303E+3	722.758537E+0	26.574346E+0	59.779304E+0	171.668904E+0	0.000000E+0	0.000000E+0	0.000000E+0	-Inf	0.000000	0.000000	0.000000	0.000000
2021-03-22 16:21:32	3.6992712926E+9	2.532325E-10	1.527340E+4	7.166892E+4	2.719590E+4	1.376340E+5	5.350383E+3	0.000000E+0	0.000000E+0	0.000000E+0	0.000000E+0	253.232489E-12	3.557363E+3	722.392412E+0	26.429276E+0	63.275335E+0	171.559971E+0	0.000000E+0	0.000000E+0	0.000000E+0	-Inf	0.000000	0.000000	0.000000	0.000000
2021-03-22 16:22:25	3.6992713451E+9	2.709174E-10	1.527159E+4	7.157808E+4	2.726699E+4	1.413107E+5	5.353038E+3	0.000000E+0	0.000000E+0	0.000000E+0	0.000000E+0	270.917383E-12	3.558556E+3	723.199046E+0	26.319989E+0	60.501537E+0	171.335433E+0	0.000000E+0	0.000000E+0	0.000000E+0	-Inf	0.000000	0.000000	0.000000	0.000000
2021-03-22 16:23:17	3.6992713973E+9	2.501658E-10	1.527204E+4	7.108833E+4	2.731606E+4	1.342311E+5	5.351593E+3	0.000000E+0	0.000000E+0	0.000000E+0	0.000000E+0	250.165824E-12	3.558258E+3	727.589245E+0	26.244789E+0	65.848282E+0	171.458354E+0	0.000000E+0	0.000000E+0	0.000000E+0	-Inf	0.000000	0.000000	0.000000	0.000000
2021-03-22 16:24:09	3.6992714499E+9	2.505366E-10	1.512027E+4	6.054610E+4	2.729368E+4	1.394004E+5	5.315367E+3	0.000000E+0	0.000000E+0	0.000000E+0	0.000000E+0	250.536605E-12	3.661072E+3	841.841802E+0	26.279064E+0	61.941255E+0	174.569378E+0	0.000000E+0	0.000000E+0	0.000000E+0	-Inf	0.000000	0.000000	0.000000	0.000000
2021-03-22 16:25:02	3.6992715021E+9	2.344204E-10	1.517327E+4	6.054610E+4	2.728455E+4	1.377206E+5	5.379032E+3	0.000000E+0	0.000000E+0	0.000000E+0	0.000000E+0	234.420437E-12	3.624487E+3	841.841802E+0	26.293054E+0	63.209880E+0	169.158104E+0	0.000000E+0	0.000000E+0	0.000000E+0	-Inf	0.000000	0.000000	0.000000	0.000000
2021-03-22 16:26:32	3.6992715929E+9	2.215579E-10	1.520760E+4	2.695041E+4	2.708017E+4	1.397183E+5	5.450914E+3	0.000000E+0	0.000000E+0	0.000000E+0	0.000000E+0	221.557892E-12	3.601182E+3	1.840146E+3	26.608011E+0	61.701359E+0	163.354891E+0	0.000000E+0	0.000000E+0	0.000000E+0	-Inf	0.000000	0.000000	0.000000	0.000000
2021-03-22 16:27:21	3.6992716415E+9	2.197955E-10	1.520906E+4	2.689995E+4	2.673726E+4	1.337981E+5	5.455006E+3	0.000000E+0	0.000000E+0	0.000000E+0	0.000000E+0	219.795512E-12	3.600194E+3	1.844551E+3	27.143868E+0	66.175624E+0	163.033873E+0	0.000000E+0	0.000000E+0	0.000000E+0	-Inf	0.000000	0.000000	0.000000	0.000000
2021-03-22 16:28:13	3.6992716936E+9	2.229774E-10	1.520789E+4	2.614987E+4	2.596269E+4	1.335912E+5	5.466421E+3	0.000000E+0	0.000000E+0	0.000000E+0	0.000000E+0	222.977432E-12	3.600985E+3	1.914072E+3	28.392721E+0	66.331977E+0	162.143089E+0	0.000000E+0	0.000000E+0	0.000000E+0	-Inf	0.000000	0.000000	0.000000	0.000000
2021-03-22 16:29:05	3.6992717459E+9	2.233905E-10	1.527164E+4	2.585484E+4	2.501575E+4	1.384567E+5	5.466866E+3	0.000000E+0	0.000000E+0	0.000000E+0	0.000000E+0	223.390520E-12	3.558519E+3	1.943663E+3	30.005491E+0	62.653721E+0	162.108366E+0	0.000000E+0	0.000000E+0	0.000000E+0	-Inf	0.000000	0.000000	0.000000	0.000000
2021-03-22 16:29:58	3.6992717983E+9	2.130515E-10	1.527106E+4	5.826948E+4	2.506239E+4	1.282765E+5	5.415018E+3	0.000000E+0	0.000000E+0	0.000000E+0	0.000000E+0	213.051493E-12	3.558900E+3	872.413051E+0	29.923526E+0	70.334385E+0	166.212819E+0	0.000000E+0	0.000000E+0	0.000000E+0	-Inf	0.000000	0.000000	0.000000	0.000000
2021-03-22 16:30:50	3.6992718506E+9	2.119919E-10	1.527078E+4	6.326989E+4	2.480289E+4	1.365736E+5	5.352754E+3	0.000000E+0	0.000000E+0	0.000000E+0	0.000000E+0	211.991905E-12	3.559085E+3	808.291055E+0	30.383190E+0	64.076997E+0	171.359308E+0	0.000000E+0	0.000000E+0	0.000000E+0	-Inf	0.000000	0.000000	0.000000	0.000000
2021-03-22 16:34:06	3.6992720462E+9	2.155758E-10	1.524607E+4	5.594313E+4	2.385964E+4	1.274160E+5	5.215039E+3	0.000000E+0	0.000000E+0	0.000000E+0	0.000000E+0	215.575755E-12	3.575428E+3	906.250889E+0	32.135659E+0	70.978405E+0	183.660129E+0	0.000000E+0	0.000000E+0	0.000000E+0	-Inf	0.000000	0.000000	0.000000	0.000000
2021-03-22 16:34:47	3.6992720874E+9	2.220359E-10	1.521909E+4	5.250416E+4	2.369622E+4	1.247567E+5	4.367746E+3	0.000000E+0	0.000000E+0	0.000000E+0	0.000000E+0	222.035928E-12	3.593452E+3	961.570149E+0	32.453696E+0	72.957905E+0	302.104875E+0	0.000000E+0	0.000000E+0	0.000000E+0	-Inf	0.000000	0.000000	0.000000	0.000000
2021-03-22 16:35:45	3.6992721454E+9	2.297311E-10	1.518783E+4	4.347918E+4	2.342865E+4	1.227736E+5	4.311155E+3	0.000000E+0	0.000000E+0	0.000000E+0	0.000000E+0	229.731077E-12	3.614566E+3	1.143415E+3	32.984566E+0	74.421163E+0	313.996249E+0	0.000000E+0	0.000000E+0	0.000000E+0	-Inf	0.000000	0.000000	0.000000	0.000000
2021-03-22 16:36:43	3.6992722038E+9	2.238936E-10	1.519861E+4	3.511517E+4	2.313730E+4	1.294666E+5	4.141344E+3	0.000000E+0	0.000000E+0	0.000000E+0	0.000000E+0	223.893619E-12	3.607257E+3	1.387247E+3	33.577742E+0	69.441409E+0	354.325044E+0	0.000000E+0	0.000000E+0	0.000000E+0	-Inf	0.000000	0.000000	0.000000	0.000000
2021-03-22 16:37:42	3.6992722621E+9	2.215382E-10	1.521698E+4	3.363374E+4	2.291317E+4	1.313509E+5	4.324038E+3	0.000000E+0	0.000000E+0	0.000000E+0	0.000000E+0	221.538243E-12	3.594864E+3	1.444854E+3	34.045381E+0	68.023119E+0	311.225631E+0	0.000000E+0	0.000000E+0	0.000000E+0	-Inf	0.000000	0.000000	0.000000	0.000000
2021-03-22 16:38:40	3.6992723203E+9	2.274040E-10	1.519056E+4	3.209184E+4	2.268454E+4	1.269586E+5	4.346486E+3	0.000000E+0	0.000000E+0	0.000000E+0	0.000000E+0	227.403952E-12	3.612708E+3	1.512762E+3	34.533120E+0	71.320114E+0	306.488686E+0	0.000000E+0	0.000000E+0	0.000000E+0	-Inf	0.000000	0.000000	0.000000	0.000000
2021-03-22 16:39:43	3.6992723831E+9	2.245791E-10	1.516832E+4	2.907766E+4	2.240045E+4	1.220512E+5	4.126813E+3	0.000000E+0	0.000000E+0	0.000000E+0	0.000000E+0	224.579073E-12	3.627871E+3	1.679757E+3	35.155035E+0	74.950958E+0	358.138059E+0	0.000000E+0	0.000000E+0	0.000000E+0	-Inf	0.000000	0.000000	0.000000	0.000000
2021-03-22 16:40:41	3.6992724414E+9	2.390995E-10	1.514380E+4	2.478082E+4	2.205826E+4	1.264281E+5	3.886015E+3	0.000000E+0	0.000000E+0	0.000000E+0	0.000000E+0	239.099513E-12	3.644740E+3	2.063943E+3	35.928934E+0	71.715821E+0	431.611244E+0	0.000000E+0	0.000000E+0	0.000000E+0	-Inf	0.000000	0.000000	0.000000	0.000000
2021-03-22 16:41:39	3.6992724997E+9	2.394997E-10	1.513099E+4	2.308728E+4	2.170297E+4	1.294762E+5	3.692553E+3	0.000000E+0	0.000000E+0	0.000000E+0	0.000000E+0	239.499674E-12	3.653614E+3	2.304641E+3	36.763139E+0	69.434181E+0	508.468233E+0	0.000000E+0	0.000000E+0	0.000000E+0	-Inf	0.000000	0.000000	0.000000	0.000000
2021-03-22 16:42:37	3.6992725579E+9	2.291668E-10	1.512620E+4	2.208297E+4	2.128511E+4	1.245921E+5	3.549355E+3	0.000000E+0	0.000000E+0	0.000000E+0	0.000000E+0	229.166825E-12	3.656943E+3	2.487254E+3	37.787409E+0	73.079842E+0	579.360147E+0	0.000000E+0	0.000000E+0	0.000000E+0	-Inf	0.000000	0.000000	0.000000	0.000000
2021-03-22 16:43:35	3.6992726159E+9	2.251143E-10	1.512337E+4	2.122575E+4	2.076113E+4	1.263319E+5	3.434250E+3	0.000000E+0	0.000000E+0	0.000000E+0	0.000000E+0	225.114270E-12	3.658911E+3	2.674588E+3	39.143865E+0	71.787505E+0	647.619012E+0	0.000000E+0	0.000000E+0	0.000000E+0	-Inf	0.000000	0.000000	0.000000	0.000000
2021-03-22 16:44:34	3.6992726749E+9	2.239091E-10	1.512305E+4	2.062927E+4	2.020600E+4	1.281808E+5	3.339736E+3	0.000000E+0	0.000000E+0	0.000000E+0	0.000000E+0	223.909085E-12	3.659135E+3	2.826118E+3	40.677727E+0	70.406049E+0	713.069597E+0	0.000000E+0	0.000000E+0	0.000000E+0	-Inf	0.000000	0.000000	0.000000	0.000000
2021-03-22 16:45:33	3.6992727334E+9	2.226517E-10	1.512218E+4	2.016560E+4	1.953828E+4	1.184180E+5	3.261938E+3	0.000000E+0	0.000000E+0	0.000000E+0	0.000000E+0	222.651704E-12	3.659741E+3	2.958192E+3	42.671086E+0	77.584780E+0	774.652996E+0	0.000000E+0	0.000000E+0	0.000000E+0	-Inf	0.000000	0.000000	0.000000	0.000000
2021-03-22 16:46:31	3.6992727917E+9	2.307780E-10	1.512948E+4	1.981601E+4	1.894729E+4	1.187791E+5	3.225554E+3	0.000000E+0	0.000000E+0	0.000000E+0	0.000000E+0	230.777992E-12	3.654665E+3	3.067206E+3	44.588018E+0	77.325533E+0	806.236468E+0	0.000000E+0	0.000000E+0	0.000000E+0	-Inf	0.000000	0.000000	0.000000	0.000000
2021-03-22 16:47:30	3.6992728500E+9	2.426058E-10	1.512988E+4	1.959641E+4	1.837182E+4	1.126884E+5	3.180380E+3	0.000000E+0	0.000000E+0	0.000000E+0	0.000000E+0	242.605822E-12	3.654382E+3	3.140265E+3	46.610436E+0	81.608364E+0	848.200247E+0	0.000000E+0	0.000000E+0	0.000000E+0	-Inf	0.000000	0.000000	0.000000	0.000000
2021-03-22 16:48:28	3.6992729084E+9	2.396518E-10	1.512907E+4	1.939330E+4	1.782400E+4	1.133473E+5	3.146940E+3	0.000000E+0	0.000000E+0	0.000000E+0	0.000000E+0	239.651766E-12	3.654945E+3	3.211241E+3	48.696083E+0	81.155158E+0	881.420371E+0	0.000000E+0	0.000000E+0	0.000000E+0	-Inf	0.000000	0.000000	0.000000	0.000000
2021-03-22 16:49:26	3.6992729667E+9	2.423386E-10	1.512475E+4	1.918018E+4	1.723393E+4	1.064660E+5	3.104544E+3	0.000000E+0	0.000000E+0	0.000000E+0	0.000000E+0	242.338634E-12	3.657955E+3	3.289460E+3	51.139308E+0	85.743219E+0	926.426838E+0	0.000000E+0	0.000000E+0	0.000000E+0	-Inf	0.000000	0.000000	0.000000	0.000000
2021-03-22 16:50:24	3.6992730250E+9	2.381090E-10	1.512624E+4	1.896642E+4	1.666107E+4	1.005820E+5	3.072425E+3	0.000000E+0	0.000000E+0	0.000000E+0	0.000000E+0	238.109031E-12	3.656912E+3	3.372031E+3	53.731131E+0	89.370045E+0	962.876639E+0	0.000000E+0	0.000000E+0	0.000000E+0	-Inf	0.000000	0.000000	0.000000	0.000000
2021-03-22 16:51:23	3.6992730833E+9	2.334644E-10	1.512751E+4	1.878716E+4	1.608606E+4	9.353715E+4	3.044196E+3	0.000000E+0	0.000000E+0	0.000000E+0	0.000000E+0	233.464422E-12	3.656028E+3	3.444663E+3	56.579087E+0	93.277225E+0	996.730200E+0	0.000000E+0	0.000000E+0	0.000000E+0	-Inf	0.000000	0.000000	0.000000	0.000000
2021-03-22 16:52:21	3.6992731417E+9	2.206483E-10	1.512567E+4	1.862502E+4	1.557650E+4	9.220752E+4	3.024882E+3	0.000000E+0	0.000000E+0	0.000000E+0	0.000000E+0	220.648306E-12	3.657308E+3	3.513187E+3	59.335494E+0	93.955614E+0	1.020941E+3	0.000000E+0	0.000000E+0	0.000000E+0	-Inf	0.000000	0.000000	0.000000	0.000000
2021-03-22 16:53:19	3.6992731998E+9	2.186302E-10	1.512519E+4	1.847219E+4	1.510590E+4	8.305274E+4	3.006752E+3	0.000000E+0	0.000000E+0	0.000000E+0	0.000000E+0	218.630187E-12	3.657644E+3	3.580369E+3	62.099236E+0	98.070343E+0	1.044489E+3	0.000000E+0	0.000000E+0	0.000000E+0	-Inf	0.000000	0.000000	0.000000	0.000000
2021-03-22 16:54:17	3.6992732580E+9	2.126225E-10	1.512282E+4	1.834119E+4	1.466531E+4	7.846760E+4	2.994129E+3	0.000000E+0	0.000000E+0	0.000000E+0	0.000000E+0	212.622484E-12	3.659299E+3	3.640064E+3	64.898453E+0	99.750281E+0	1.061372E+3	0.000000E+0	0.000000E+0	0.000000E+0	-Inf	0.000000	0.000000	0.000000	0.000000
2021-03-22 16:55:16	3.6992733161E+9	2.186581E-10	1.512428E+4	1.822898E+4	1.427598E+4	7.655539E+4	2.983409E+3	0.000000E+0	0.000000E+0	0.000000E+0	0.000000E+0	218.658118E-12	3.658277E+3	3.692816E+3	67.560977E+0	100.374660E+0	1.076038E+3	0.000000E+0	0.000000E+0	0.000000E+0	-Inf	0.000000	0.000000	0.000000	0.000000
2021-03-22 16:56:14	3.6992733746E+9	2.231186E-10	1.512404E+4	1.813438E+4	1.391122E+4	7.206885E+4	2.983436E+3	0.000000E+0	0.000000E+0	0.000000E+0	0.000000E+0	223.118594E-12	3.658447E+3	3.738493E+3	70.232967E+0	101.666699E+0	1.075999E+3	0.000000E+0	0.000000E+0	0.000000E+0	-Inf	0.000000	0.000000	0.000000	0.000000
2021-03-22 16:57:12	3.6992734329E+9	2.246345E-10	1.512214E+4	1.804296E+4	1.355914E+4	6.563179E+4	2.972163E+3	0.000000E+0	0.000000E+0	0.000000E+0	0.000000E+0	224.634467E-12	3.659771E+3	3.783720E+3	72.990990E+0	103.121983E+0	1.091753E+3	0.000000E+0	0.000000E+0	0.000000E+0	-Inf	0.000000	0.000000	0.000000	0.000000
2021-03-22 16:58:11	3.6992734912E+9	2.197509E-10	1.512131E+4	1.796521E+4	1.323820E+4	5.661049E+4	2.961299E+3	0.000000E+0	0.000000E+0	0.000000E+0	0.000000E+0	219.750880E-12	3.660350E+3	3.823049E+3	75.672853E+0	104.527563E+0	1.107277E+3	0.000000E+0	0.000000E+0	0.000000E+0	-Inf	0.000000	0.000000	0.000000	0.000000
2021-03-22 16:59:09	3.6992735495E+9	2.210801E-10	1.512046E+4	1.789542E+4	1.295964E+4	5.674833E+4	2.958284E+3	0.000000E+0	0.000000E+0	0.000000E+0	0.000000E+0	221.080107E-12	3.660941E+3	3.859047E+3	78.142051E+0	104.509996E+0	1.111649E+3	0.000000E+0	0.000000E+0	0.000000E+0	-Inf	0.000000	0.000000	0.000000	0.000000
2021-03-22 17:00:16	3.6992736168E+9	2.472590E-10	1.512421E+4	1.783168E+4	1.263663E+4	5.403318E+4	2.956861E+3	0.000000E+0	0.000000E+0	0.000000E+0	0.000000E+0	247.259038E-12	3.658326E+3	3.892519E+3	81.184797E+0	104.843891E+0	1.113709E+3	0.000000E+0	0.000000E+0	0.000000E+0	-Inf	0.000000	0.000000	0.000000	0.000000
2021-03-22 17:01:11	3.6992736715E+9	2.543436E-10	1.512321E+4	1.777055E+4	1.245094E+4	3.988709E+4	2.955733E+3	0.000000E+0	0.000000E+0	0.000000E+0	0.000000E+0	254.343576E-12	3.659023E+3	3.925167E+3	83.028190E+0	107.003025E+0	1.115356E+3	0.000000E+0	0.000000E+0	0.000000E+0	-Inf	0.000000	0.000000	0.000000	0.000000
2021-03-22 17:02:09	3.6992737300E+9	2.502243E-10	1.512636E+4	1.772279E+4	1.224137E+4	1.047552E+5	2.956188E+3	0.000000E+0	0.000000E+0	0.000000E+0	0.000000E+0	250.224281E-12	3.656830E+3	3.951045E+3	85.197390E+0	86.828606E+0	1.114700E+3	0.000000E+0	0.000000E+0	0.000000E+0	-Inf	0.000000	0.000000	0.000000	0.000000
2021-03-22 17:03:15	3.6992737953E+9	2.422945E-10	1.512783E+4	1.767679E+4	1.205118E+4	-1.067781E+7	2.956528E+3	0.000000E+0	0.000000E+0	0.000000E+0	0.000000E+0	242.294527E-12	3.655812E+3	3.976293E+3	87.252505E+0	NaN	1.114197E+3	0.000000E+0	0.000000E+0	0.000000E+0	-Inf	0.000000	0.000000	0.000000	0.000000
2021-03-22 17:04:45	3.6992738855E+9	2.479359E-10	1.513530E+4	1.763258E+4	1.112328E+4	2.549553E+4	3.115551E+3	0.000000E+0	0.000000E+0	0.000000E+0	0.000000E+0	247.935882E-12	3.650623E+3	4.000861E+3	98.646558E+0	115.400342E+0	914.414159E+0	0.000000E+0	0.000000E+0	0.000000E+0	-Inf	0.000000	0.000000	0.000000	0.000000
2021-03-22 17:05:46	3.6992739468E+9	2.461754E-10	1.513315E+4	1.761603E+4	1.084989E+4	2.552044E+4	3.115551E+3	0.000000E+0	0.000000E+0	0.000000E+0	0.000000E+0	246.175414E-12	3.652113E+3	4.010135E+3	102.511011E+0	115.371559E+0	914.414159E+0	0.000000E+0	0.000000E+0	0.000000E+0	-Inf	0.000000	0.000000	0.000000	0.000000
2021-03-22 17:07:13	3.6992740340E+9	2.330889E-10	1.513639E+4	1.758918E+4	1.062104E+4	2.397255E+4	3.115551E+3	0.000000E+0	0.000000E+0	0.000000E+0	0.000000E+0	233.088903E-12	3.649864E+3	4.025268E+3	105.956263E+0	117.321001E+0	914.414159E+0	0.000000E+0	0.000000E+0	0.000000E+0	-Inf	0.000000	0.000000	0.000000	0.000000
2021-03-22 17:08:43	3.6992741235E+9	2.271780E-10	1.513829E+4	1.754131E+4	1.039409E+4	2.233507E+4	2.981631E+3	0.000000E+0	0.000000E+0	0.000000E+0	0.000000E+0	227.178005E-12	3.648549E+3	4.052529E+3	109.580444E+0	119.788638E+0	1.078497E+3	0.000000E+0	0.000000E+0	0.000000E+0	-Inf	0.000000	0.000000	0.000000	0.000000
2021-03-22 17:09:35	3.6992741759E+9	2.291262E-10	1.513536E+4	1.750573E+4	1.024742E+4	2.124352E+4	2.966747E+3	0.000000E+0	0.000000E+0	0.000000E+0	0.000000E+0	229.126226E-12	3.650583E+3	4.073030E+3	112.041808E+0	121.709709E+0	1.099448E+3	0.000000E+0	0.000000E+0	0.000000E+0	-Inf	0.000000	0.000000	0.000000	0.000000
2021-03-22 17:10:34	3.6992742345E+9	2.284401E-10	1.513489E+4	1.748549E+4	1.009709E+4	2.035897E+4	2.951689E+3	0.000000E+0	0.000000E+0	0.000000E+0	0.000000E+0	228.440062E-12	3.650910E+3	4.084779E+3	114.668606E+0	123.455383E+0	1.121283E+3	0.000000E+0	0.000000E+0	0.000000E+0	-Inf	0.000000	0.000000	0.000000	0.000000
2021-03-22 17:11:32	3.6992742928E+9	2.235907E-10	1.512995E+4	1.745810E+4	9.969341E+3	1.949251E+4	2.943123E+3	0.000000E+0	0.000000E+0	0.000000E+0	0.000000E+0	223.590692E-12	3.654338E+3	4.100786E+3	116.988727E+0	125.351282E+0	1.133996E+3	0.000000E+0	0.000000E+0	0.000000E+0	-Inf	0.000000	0.000000	0.000000	0.000000
2021-03-22 17:12:31	3.6992743512E+9	2.346518E-10	1.513176E+4	1.744220E+4	9.830231E+3	1.838919E+4	2.934837E+3	0.000000E+0	0.000000E+0	0.000000E+0	0.000000E+0	234.651788E-12	3.653079E+3	4.110136E+3	119.612510E+0	128.069096E+0	1.146512E+3	0.000000E+0	0.000000E+0	0.000000E+0	-Inf	0.000000	0.000000	0.000000	0.000000
2021-03-22 17:13:29	3.6992744096E+9	2.244420E-10	1.513535E+4	1.741658E+4	9.700115E+3	1.749834E+4	2.927010E+3	0.000000E+0	0.000000E+0	0.000000E+0	0.000000E+0	224.442023E-12	3.650585E+3	4.125291E+3	122.163960E+0	130.547784E+0	1.158517E+3	0.000000E+0	0.000000E+0	0.000000E+0	-Inf	0.000000	0.000000	0.000000	0.000000
2021-03-22 17:14:44	3.6992744841E+9	2.259189E-10	1.513731E+4	1.740245E+4	9.559748E+3	1.624589E+4	2.918969E+3	0.000000E+0	0.000000E+0	0.000000E+0	0.000000E+0	225.918869E-12	3.649225E+3	4.133695E+3	125.028374E+0	134.536807E+0	1.171058E+3	0.000000E+0	0.000000E+0	0.000000E+0	-Inf	0.000000	0.000000	0.000000	0.000000
2021-03-22 17:15:37	3.6992745370E+9	2.399068E-10	1.513930E+4	1.738589E+4	9.440349E+3	1.564335E+4	2.913806E+3	0.000000E+0	0.000000E+0	0.000000E+0	0.000000E+0	239.906767E-12	3.647851E+3	4.143587E+3	127.561857E+0	136.697548E+0	1.179218E+3	0.000000E+0	0.000000E+0	0.000000E+0	-Inf	0.000000	0.000000	0.000000	0.000000
2021-03-22 17:16:35	3.6992745956E+9	2.349562E-10	1.513810E+4	1.738427E+4	9.336521E+3	1.533294E+4	2.911261E+3	0.000000E+0	0.000000E+0	0.000000E+0	0.000000E+0	234.956220E-12	3.648682E+3	4.144554E+3	129.841517E+0	137.879369E+0	1.183269E+3	0.000000E+0	0.000000E+0	0.000000E+0	-Inf	0.000000	0.000000	0.000000	0.000000
2021-03-22 17:17:49	3.6992746694E+9	2.302726E-10	1.513901E+4	1.736964E+4	9.214689E+3	1.456169E+4	2.909450E+3	0.000000E+0	0.000000E+0	0.000000E+0	0.000000E+0	230.272605E-12	3.648052E+3	4.153339E+3	132.612336E+0	141.037432E+0	1.186170E+3	0.000000E+0	0.000000E+0	0.000000E+0	-Inf	0.000000	0.000000	0.000000	0.000000
2021-03-22 17:18:43	3.6992747240E+9	2.421954E-10	1.514176E+4	1.736284E+4	9.141832E+3	1.391677E+4	2.906918E+3	0.000000E+0	0.000000E+0	0.000000E+0	0.000000E+0	242.195365E-12	3.646148E+3	4.157429E+3	134.321111E+0	143.946133E+0	1.190240E+3	0.000000E+0	0.000000E+0	0.000000E+0	-Inf	0.000000	0.000000	0.000000	0.000000
2021-03-22 17:19:42	3.6992747824E+9	2.316613E-10	1.514006E+4	1.735363E+4	9.063451E+3	1.344812E+4	2.904774E+3	0.000000E+0	0.000000E+0	0.000000E+0	0.000000E+0	231.661295E-12	3.647326E+3	4.162989E+3	136.204699E+0	146.230665E+0	1.193697E+3	0.000000E+0	0.000000E+0	0.000000E+0	-Inf	0.000000	0.000000	0.000000	0.000000
2021-03-22 17:20:40	3.6992748407E+9	2.245022E-10	1.513951E+4	1.735599E+4	8.987556E+3	1.312804E+4	2.904747E+3	0.000000E+0	0.000000E+0	0.000000E+0	0.000000E+0	224.502199E-12	3.647706E+3	4.161564E+3	138.074871E+0	147.881030E+0	1.193743E+3	0.000000E+0	0.000000E+0	0.000000E+0	-Inf	0.000000	0.000000	0.000000	0.000000
2021-03-22 17:21:39	3.6992748991E+9	2.164260E-10	1.514113E+4	1.734682E+4	8.913111E+3	1.236860E+4	2.903960E+3	0.000000E+0	0.000000E+0	0.000000E+0	0.000000E+0	216.425972E-12	3.646586E+3	4.167106E+3	139.955313E+0	152.118892E+0	1.195020E+3	0.000000E+0	0.000000E+0	0.000000E+0	-Inf	0.000000	0.000000	0.000000	0.000000
2021-03-22 17:22:37	3.6992749576E+9	2.149182E-10	1.514147E+4	1.734426E+4	8.842134E+3	1.260264E+4	2.903035E+3	0.000000E+0	0.000000E+0	0.000000E+0	0.000000E+0	214.918201E-12	3.646349E+3	4.168659E+3	141.792123E+0	150.761938E+0	1.196519E+3	0.000000E+0	0.000000E+0	0.000000E+0	-Inf	0.000000	0.000000	0.000000	0.000000
2021-03-22 17:23:35	3.6992750159E+9	2.237098E-10	1.513760E+4	1.734129E+4	8.774449E+3	1.181337E+4	2.902949E+3	0.000000E+0	0.000000E+0	0.000000E+0	0.000000E+0	223.709795E-12	3.649026E+3	4.170456E+3	143.585220E+0	155.536041E+0	1.196660E+3	0.000000E+0	0.000000E+0	0.000000E+0	-Inf	0.000000	0.000000	0.000000	0.000000
2021-03-22 17:24:34	3.6992750744E+9	2.163028E-10	1.508827E+4	1.728370E+4	8.660627E+3	1.095134E+4	2.890770E+3	0.000000E+0	0.000000E+0	0.000000E+0	0.000000E+0	216.302824E-12	3.683533E+3	4.205662E+3	146.695749E+0	161.459123E+0	1.216708E+3	0.000000E+0	0.000000E+0	0.000000E+0	-Inf	0.000000	0.000000	0.000000	0.000000
2021-03-22 17:25:32	3.6992751328E+9	2.038147E-10	1.505576E+4	1.719525E+4	8.477677E+3	1.528795E+4	2.901888E+3	0.000000E+0	0.000000E+0	0.000000E+0	0.000000E+0	203.814712E-12	3.706648E+3	4.260865E+3	151.961898E+0	138.054727E+0	1.198381E+3	0.000000E+0	0.000000E+0	0.000000E+0	-Inf	0.000000	0.000000	0.000000	0.000000
2021-03-22 17:26:31	3.6992751913E+9	2.140854E-10	1.503991E+4	1.709500E+4	8.348639E+3	-1.658533E+4	2.875462E+3	0.000000E+0	0.000000E+0	0.000000E+0	0.000000E+0	214.085355E-12	3.718024E+3	4.325155E+3	155.889072E+0	NaN	1.242623E+3	0.000000E+0	0.000000E+0	0.000000E+0	-Inf	0.000000	0.000000	0.000000	0.000000
2021-03-22 17:28:15	3.6992752955E+9	2.103675E-10	1.501718E+4	1.699740E+4	8.098487E+3	8.806213E+3	2.866782E+3	0.000000E+0	0.000000E+0	0.000000E+0	0.000000E+0	210.367545E-12	3.734464E+3	4.389578E+3	164.057075E+0	180.462763E+0	1.257707E+3	0.000000E+0	0.000000E+0	0.000000E+0	-Inf	0.000000	0.000000	0.000000	0.000000
2021-03-22 17:29:04	3.6992753440E+9	1.982712E-10	1.501196E+4	1.686597E+4	7.971157E+3	8.218734E+3	2.861747E+3	0.000000E+0	0.000000E+0	0.000000E+0	0.000000E+0	198.271159E-12	3.738261E+3	4.479312E+3	168.523214E+0	187.079600E+0	1.266575E+3	0.000000E+0	0.000000E+0	0.000000E+0	-Inf	0.000000	0.000000	0.000000	0.000000
2021-03-22 17:30:02	3.6992754024E+9	1.961988E-10	1.500347E+4	1.682178E+4	7.731277E+3	7.272708E+3	2.869333E+3	0.000000E+0	0.000000E+0	0.000000E+0	0.000000E+0	196.198784E-12	3.744448E+3	4.510286E+3	177.572351E+0	199.495852E+0	1.253243E+3	0.000000E+0	0.000000E+0	0.000000E+0	-Inf	0.000000	0.000000	0.000000	0.000000
2021-03-22 17:31:00	3.6992754607E+9	2.003635E-10	1.500162E+4	1.679657E+4	7.481376E+3	6.342110E+3	2.861412E+3	0.000000E+0	0.000000E+0	0.000000E+0	0.000000E+0	200.363489E-12	3.745804E+3	4.528138E+3	187.995520E+0	214.450437E+0	1.267156E+3	0.000000E+0	0.000000E+0	0.000000E+0	-Inf	0.000000	0.000000	0.000000	0.000000
2021-03-22 17:31:59	3.6992755191E+9	2.033144E-10	1.499606E+4	1.678637E+4	7.213162E+3	5.473824E+3	2.878339E+3	0.000000E+0	0.000000E+0	0.000000E+0	0.000000E+0	203.314386E-12	3.749872E+3	4.535401E+3	200.499876E+0	231.792321E+0	1.237680E+3	0.000000E+0	0.000000E+0	0.000000E+0	-Inf	0.000000	0.000000	0.000000	0.000000
2021-03-22 17:32:57	3.6992755775E+9	2.031942E-10	1.519344E+4	3.950846E+4	7.179260E+3	5.439237E+3	3.010230E+3	0.000000E+0	0.000000E+0	0.000000E+0	0.000000E+0	203.194231E-12	3.610754E+3	1.246192E+3	202.189128E+0	232.569051E+0	1.039911E+3	0.000000E+0	0.000000E+0	0.000000E+0	-Inf	0.000000	0.000000	0.000000	0.000000
2021-03-22 17:33:55	3.6992756357E+9	2.052855E-10	1.522876E+4	4.467210E+4	7.118256E+3	5.444358E+3	3.010230E+3	0.000000E+0	0.000000E+0	0.000000E+0	0.000000E+0	205.285526E-12	3.586971E+3	1.115750E+3	205.295054E+0	232.453581E+0	1.039911E+3	0.000000E+0	0.000000E+0	0.000000E+0	-Inf	0.000000	0.000000	0.000000	0.000000
2021-03-22 17:35:32	3.6992757330E+9	2.088966E-10	1.519301E+4	2.720671E+4	7.055031E+3	5.244311E+3	2.993282E+3	0.000000E+0	0.000000E+0	0.000000E+0	0.000000E+0	208.896633E-12	3.611045E+3	1.818258E+3	208.607104E+0	237.090997E+0	1.062526E+3	0.000000E+0	0.000000E+0	0.000000E+0	-Inf	0.000000	0.000000	0.000000	0.000000
2021-03-22 17:36:31	3.6992757912E+9	2.165696E-10	1.516695E+4	2.233731E+4	7.019761E+3	5.159488E+3	2.988191E+3	0.000000E+0	0.000000E+0	0.000000E+0	0.000000E+0	216.569613E-12	3.628805E+3	2.437598E+3	210.497335E+0	239.139241E+0	1.069458E+3	0.000000E+0	0.000000E+0	0.000000E+0	-Inf	0.000000	0.000000	0.000000	0.000000
2021-03-22 17:37:31	3.6992758519E+9	2.280521E-10	1.515237E+4	2.103303E+4	6.992579E+3	5.072917E+3	2.978749E+3	0.000000E+0	0.000000E+0	0.000000E+0	0.000000E+0	228.052083E-12	3.638826E+3	2.721463E+3	211.975488E+0	241.283095E+0	1.082505E+3	0.000000E+0	0.000000E+0	0.000000E+0	-Inf	0.000000	0.000000	0.000000	0.000000
2021-03-22 17:38:30	3.6992759102E+9	2.293983E-10	1.514696E+4	2.024093E+4	6.965831E+3	5.018685E+3	2.969537E+3	0.000000E+0	0.000000E+0	0.000000E+0	0.000000E+0	229.398309E-12	3.642554E+3	2.935804E+3	213.448528E+0	242.654643E+0	1.095477E+3	0.000000E+0	0.000000E+0	0.000000E+0	-Inf	0.000000	0.000000	0.000000	0.000000
2021-03-22 17:39:28	3.6992759686E+9	2.382160E-10	1.514430E+4	1.977818E+4	6.940982E+3	4.928478E+3	2.962112E+3	0.000000E+0	0.000000E+0	0.000000E+0	0.000000E+0	238.215991E-12	3.644392E+3	3.079528E+3	214.833768E+0	244.986691E+0	1.106104E+3	0.000000E+0	0.000000E+0	0.000000E+0	-Inf	0.000000	0.000000	0.000000	0.000000
2021-03-22 17:40:26	3.6992760268E+9	2.421541E-10	1.514445E+4	1.943806E+4	6.914964E+3	4.923153E+3	2.956332E+3	0.000000E+0	0.000000E+0	0.000000E+0	0.000000E+0	242.154063E-12	3.644289E+3	3.195307E+3	216.301812E+0	245.126378E+0	1.114486E+3	0.000000E+0	0.000000E+0	0.000000E+0	-Inf	0.000000	0.000000	0.000000	0.000000
2021-03-22 17:41:25	3.6992760851E+9	2.398429E-10	1.514617E+4	1.917493E+4	6.866509E+3	4.587822E+3	2.952139E+3	0.000000E+0	0.000000E+0	0.000000E+0	0.000000E+0	239.842859E-12	3.643104E+3	3.291437E+3	219.084826E+0	254.416189E+0	1.120626E+3	0.000000E+0	0.000000E+0	0.000000E+0	-Inf	0.000000	0.000000	0.000000	0.000000
2021-03-22 17:42:23	3.6992761435E+9	2.393107E-10	1.516913E+4	1.922913E+4	6.773398E+3	4.568266E+3	2.952139E+3	0.000000E+0	0.000000E+0	0.000000E+0	0.000000E+0	239.310727E-12	3.627315E+3	3.271142E+3	224.618719E+0	254.989985E+0	1.120626E+3	0.000000E+0	0.000000E+0	0.000000E+0	-Inf	0.000000	0.000000	0.000000	0.000000
2021-03-22 17:44:00	3.6992762408E+9	2.485990E-10	1.523192E+4	1.969747E+4	6.732210E+3	4.510348E+3	2.959032E+3	0.000000E+0	0.000000E+0	0.000000E+0	0.000000E+0	248.599042E-12	3.584861E+3	3.106185E+3	227.147983E+0	256.711725E+0	1.110557E+3	0.000000E+0	0.000000E+0	0.000000E+0	-Inf	0.000000	0.000000	0.000000	0.000000
2021-03-22 17:44:59	3.6992762992E+9	2.470948E-10	1.523398E+4	2.440635E+4	6.739029E+3	4.501610E+3	2.976056E+3	0.000000E+0	0.000000E+0	0.000000E+0	0.000000E+0	247.094831E-12	3.583480E+3	2.111174E+3	226.725684E+0	256.974443E+0	1.086276E+3	0.000000E+0	0.000000E+0	0.000000E+0	-Inf	0.000000	0.000000	0.000000	0.000000
2021-03-22 17:45:57	3.6992763575E+9	2.456700E-10	1.521593E+4	2.356520E+4	6.740112E+3	4.448408E+3	2.988106E+3	0.000000E+0	0.000000E+0	0.000000E+0	0.000000E+0	245.670016E-12	3.595570E+3	2.229181E+3	226.658749E+0	258.591126E+0	1.069571E+3	0.000000E+0	0.000000E+0	0.000000E+0	-Inf	0.000000	0.000000	0.000000	0.000000
2021-03-22 17:46:55	3.6992764160E+9	2.358643E-10	1.519193E+4	2.232530E+4	6.742341E+3	4.539905E+3	2.988103E+3	0.000000E+0	0.000000E+0	0.000000E+0	0.000000E+0	235.864260E-12	3.611780E+3	2.439889E+3	226.521108E+0	255.828867E+0	1.069581E+3	0.000000E+0	0.000000E+0	0.000000E+0	-Inf	0.000000	0.000000	0.000000	0.000000
2021-03-22 17:47:54	3.6992764745E+9	2.256181E-10	1.517261E+4	2.132533E+4	6.736427E+3	4.467437E+3	2.987806E+3	0.000000E+0	0.000000E+0	0.000000E+0	0.000000E+0	225.618146E-12	3.624933E+3	2.651098E+3	226.886612E+0	258.009476E+0	1.069986E+3	0.000000E+0	0.000000E+0	0.000000E+0	-Inf	0.000000	0.000000	0.000000	0.000000
2021-03-22 17:48:52	3.6992765329E+9	2.240077E-10	1.516011E+4	2.057573E+4	6.715569E+3	4.376324E+3	2.978395E+3	0.000000E+0	0.000000E+0	0.000000E+0	0.000000E+0	224.007651E-12	3.633499E+3	2.840692E+3	228.184471E+0	260.829819E+0	1.083008E+3	0.000000E+0	0.000000E+0	0.000000E+0	-Inf	0.000000	0.000000	0.000000	0.000000
2021-03-22 17:49:51	3.6992765912E+9	2.268491E-10	1.515602E+4	2.010717E+4	6.692576E+3	4.407522E+3	2.967770E+3	0.000000E+0	0.000000E+0	0.000000E+0	0.000000E+0	226.849112E-12	3.636310E+3	2.975821E+3	229.630782E+0	259.853950E+0	1.097992E+3	0.000000E+0	0.000000E+0	0.000000E+0	-Inf	0.000000	0.000000	0.000000	0.000000
2021-03-22 17:50:49	3.6992766495E+9	2.264437E-10	1.507664E+4	1.972119E+4	3.516020E+3	-1.986712E+4	2.958143E+3	0.000000E+0	0.000000E+0	0.000000E+0	0.000000E+0	226.443711E-12	3.691772E+3	3.098297E+3	893.777193E+0	NaN	1.111848E+3	0.000000E+0	0.000000E+0	0.000000E+0	-Inf	25.000000	25.000000	25.000000	25.000000
2021-03-22 17:52:59	3.6992767796E+9	2.253973E-10	1.455113E+4	2.397096E+4	2.855136E+3	4.809498E+2	2.958143E+3	0.000000E+0	0.000000E+0	0.000000E+0	0.000000E+0	225.397330E-12	4.107997E+3	2.170063E+3	1.511441E+3	1.694294E+3	1.111848E+3	0.000000E+0	0.000000E+0	0.000000E+0	-Inf	25.000000	25.000000	25.000000	25.000000
2021-03-22 17:54:58	3.6992768980E+9	2.251771E-10	1.461740E+4	3.501245E+4	2.830777E+3	4.766394E+2	2.589535E+3	0.000000E+0	0.000000E+0	0.000000E+0	0.000000E+0	225.177065E-12	4.050235E+3	1.391038E+3	1.547745E+3	1.717947E+3	1.936755E+3	0.000000E+0	0.000000E+0	0.000000E+0	-Inf	25.000000	25.000000	25.000000	25.000000
2021-03-22 17:55:56	3.6992769565E+9	2.235683E-10	1.462833E+4	3.581316E+4	2.836586E+3	4.834944E+2	2.437794E+3	0.000000E+0	0.000000E+0	0.000000E+0	0.000000E+0	223.568278E-12	4.040869E+3	1.362198E+3	1.538946E+3	1.680637E+3	2.573189E+3	0.000000E+0	0.000000E+0	0.000000E+0	-Inf	25.000000	25.000000	25.000000	25.000000
2021-03-22 17:56:55	3.6992770150E+9	2.186707E-10	1.466769E+4	3.578163E+4	2.840958E+3	4.813256E+2	2.412291E+3	0.000000E+0	0.000000E+0	0.000000E+0	0.000000E+0	218.670698E-12	4.007514E+3	1.363304E+3	1.532383E+3	1.692263E+3	2.710069E+3	0.000000E+0	0.000000E+0	0.000000E+0	-Inf	25.000000	25.000000	25.000000	25.000000
2021-03-22 17:57:53	3.6992770735E+9	2.217207E-10	1.470776E+4	3.575677E+4	2.842324E+3	4.827887E+2	2.409747E+3	0.000000E+0	0.000000E+0	0.000000E+0	0.000000E+0	221.720703E-12	3.974131E+3	1.364177E+3	1.530343E+3	1.684402E+3	2.724306E+3	0.000000E+0	0.000000E+0	0.000000E+0	-Inf	25.000000	25.000000	25.000000	25.000000
2021-03-22 17:58:51	3.6992771320E+9	2.168169E-10	1.474591E+4	3.583932E+4	2.841423E+3	4.824983E+2	2.407252E+3	0.000000E+0	0.000000E+0	0.000000E+0	0.000000E+0	216.816903E-12	3.942874E+3	1.361282E+3	1.531688E+3	1.685956E+3	2.738377E+3	0.000000E+0	0.000000E+0	0.000000E+0	-Inf	25.000000	25.000000	25.000000	25.000000
2021-03-22 17:59:49	3.6992771893E+9	2.168169E-10	1.478021E+4	3.588501E+4	2.845072E+3	4.834371E+2	2.409377E+3	0.000000E+0	0.000000E+0	0.000000E+0	0.000000E+0	216.816903E-12	3.915210E+3	1.359686E+3	1.526253E+3	1.680942E+3	2.726402E+3	0.000000E+0	0.000000E+0	0.000000E+0	-Inf	25.000000	25.000000	25.000000	25.000000
2021-03-22 18:00:55	3.6992772550E+9	2.168169E-10	1.481554E+4	3.596434E+4	2.848530E+3	4.830199E+2	2.413895E+3	0.000000E+0	0.000000E+0	0.000000E+0	1.132480E+2	216.816903E-12	3.887122E+3	1.356928E+3	1.521134E+3	1.683166E+3	2.701162E+3	0.000000E+0	0.000000E+0	0.000000E+0	55.168669E+3	25.000000	25.000000	25.000000	25.000000
2021-03-22 18:01:57	3.6992773175E+9	2.168169E-10	1.484555E+4	3.598207E+4	2.850031E+3	4.834172E+2	2.417785E+3	0.000000E+0	0.000000E+0	0.000000E+0	1.128820E+2	216.816903E-12	3.863593E+3	1.356313E+3	1.518922E+3	1.681047E+3	2.679710E+3	0.000000E+0	0.000000E+0	0.000000E+0	55.076109E+3	25.000000	25.000000	25.000000	25.000000
2021-03-22 18:02:50	3.6992773703E+9	2.168169E-10	1.486562E+4	3.600984E+4	2.843096E+3	4.816634E+2	2.419760E+3	0.000000E+0	0.000000E+0	0.000000E+0	1.125807E+2	216.816903E-12	3.848023E+3	1.355352E+3	1.529192E+3	1.690441E+3	2.668910E+3	0.000000E+0	0.000000E+0	0.000000E+0	54.999898E+3	25.000000	25.000000	25.000000	25.000000
2021-03-22 18:03:43	3.6992774232E+9	2.168169E-10	1.488865E+4	3.607042E+4	2.834983E+3	4.794366E+2	2.420827E+3	0.000000E+0	0.000000E+0	0.000000E+0	1.122698E+2	216.816903E-12	3.830308E+3	1.353261E+3	1.541365E+3	1.702522E+3	2.663097E+3	0.000000E+0	0.000000E+0	0.000000E+0	54.921250E+3	25.000000	25.000000	25.000000	25.000000
2021-03-22 18:04:36	3.6992774764E+9	2.168169E-10	1.490529E+4	3.613090E+4	2.835881E+3	4.827267E+2	2.421844E+3	0.000000E+0	0.000000E+0	0.000000E+0	1.119741E+2	216.816903E-12	3.817614E+3	1.351182E+3	1.540009E+3	1.684733E+3	2.657586E+3	0.000000E+0	0.000000E+0	0.000000E+0	54.846412E+3	25.000000	25.000000	25.000000	25.000000
2021-03-22 18:05:29	3.6992775292E+9	2.168169E-10	1.491849E+4	3.621757E+4	2.827031E+3	4.785757E+2	2.421824E+3	0.000000E+0	0.000000E+0	0.000000E+0	1.116383E+2	216.816903E-12	3.807608E+3	1.348217E+3	1.553466E+3	1.707240E+3	2.657699E+3	0.000000E+0	0.000000E+0	0.000000E+0	54.761414E+3	25.000000	25.000000	25.000000	25.000000
2021-03-22 18:06:21	3.6992775817E+9	2.168169E-10	1.493498E+4	3.629980E+4	2.820939E+3	4.757653E+2	2.422506E+3	0.000000E+0	0.000000E+0	0.000000E+0	1.113446E+2	216.816903E-12	3.795186E+3	1.345418E+3	1.562851E+3	1.722826E+3	2.654003E+3	0.000000E+0	0.000000E+0	0.000000E+0	54.687056E+3	25.000000	25.000000	25.000000	25.000000
2021-03-22 18:07:14	3.6992776345E+9	2.168169E-10	1.494558E+4	3.627851E+4	2.819199E+3	4.746300E+2	2.423720E+3	0.000000E+0	0.000000E+0	0.000000E+0	1.110332E+2	216.816903E-12	3.787238E+3	1.346141E+3	1.565551E+3	1.729203E+3	2.647449E+3	0.000000E+0	0.000000E+0	0.000000E+0	54.608218E+3	25.000000	25.000000	25.000000	25.000000
2021-03-22 18:08:07	3.6992776874E+9	2.168169E-10	1.491939E+4	3.669172E+4	2.804531E+3	4.741054E+2	2.402368E+3	0.000000E+0	0.000000E+0	0.000000E+0	1.107248E+2	216.816903E-12	3.806926E+3	1.332282E+3	1.588644E+3	1.732167E+3	2.766214E+3	0.000000E+0	0.000000E+0	0.000000E+0	54.530097E+3	25.000000	25.000000	25.000000	25.000000
2021-03-22 18:09:00	3.6992777404E+9	2.168169E-10	1.491838E+4	3.670489E+4	2.800536E+3	4.659823E+2	2.394454E+3	0.000000E+0	0.000000E+0	0.000000E+0	1.104377E+2	216.816903E-12	3.807692E+3	1.331846E+3	1.595040E+3	1.779385E+3	2.812202E+3	0.000000E+0	0.000000E+0	0.000000E+0	54.457388E+3	25.000000	25.000000	25.000000	25.000000
2021-03-22 18:09:53	3.6992777934E+9	2.168169E-10	1.493568E+4	2.324611E+4	2.786328E+3	4.617845E+2	2.388410E+3	0.000000E+0	0.000000E+0	0.000000E+0	1.101709E+2	216.816903E-12	3.794655E+3	2.278821E+3	1.618167E+3	1.804810E+3	2.848079E+3	0.000000E+0	0.000000E+0	0.000000E+0	54.389767E+3	25.000000	25.000000	25.000000	25.000000
2021-03-22 18:10:45	3.6992778460E+9	2.168169E-10	1.489972E+4	1.967804E+4	2.780062E+3	4.656045E+2	2.375985E+3	0.000000E+0	0.000000E+0	0.000000E+0	1.099033E+2	216.816903E-12	3.821854E+3	3.112673E+3	1.628560E+3	1.781644E+3	2.923935E+3	0.000000E+0	0.000000E+0	0.000000E+0	54.321950E+3	25.000000	25.000000	25.000000	25.000000
2021-03-22 18:11:38	3.6992778989E+9	2.168169E-10	1.283330E+4	1.708098E+4	2.706638E+3	4.429117E+2	2.329221E+3	0.000000E+0	0.000000E+0	0.000000E+0	1.097105E+2	216.816903E-12	6.560413E+3	4.334298E+3	1.759976E+3	1.928620E+3	3.237048E+3	0.000000E+0	0.000000E+0	0.000000E+0	54.273091E+3	25.000000	25.000000	25.000000	25.000000
2021-03-22 18:12:31	3.6992779517E+9	2.168169E-10	1.298998E+4	1.809787E+4	2.632758E+3	4.133371E+2	2.216378E+3	0.000000E+0	0.000000E+0	0.000000E+0	1.120114E+2	216.816903E-12	6.220318E+3	3.756425E+3	1.913159E+3	2.159865E+3	4.215147E+3	0.000000E+0	0.000000E+0	0.000000E+0	54.855849E+3	25.000000	25.000000	25.000000	25.000000
2021-03-22 18:13:24	3.6992780046E+9	2.168169E-10	1.292929E+4	1.763600E+4	2.614383E+3	4.030844E+2	2.215721E+3	0.000000E+0	0.000000E+0	0.000000E+0	1.147179E+2	216.816903E-12	6.347841E+3	3.998952E+3	1.955122E+3	2.252945E+3	4.221956E+3	0.000000E+0	0.000000E+0	0.000000E+0	55.540154E+3	25.000000	25.000000	25.000000	25.000000
2021-03-22 18:14:17	3.6992780577E+9	2.168169E-10	1.285821E+4	1.736136E+4	2.591214E+3	3.999462E+2	2.204553E+3	0.000000E+0	0.000000E+0	0.000000E+0	1.172457E+2	216.816903E-12	6.503927E+3	4.158325E+3	2.010515E+3	2.282975E+3	4.339942E+3	0.000000E+0	0.000000E+0	0.000000E+0	56.178228E+3	25.000000	25.000000	25.000000	25.000000
2021-03-22 18:15:10	3.6992781103E+9	2.168169E-10	1.279793E+4	1.721569E+4	2.579428E+3	3.974998E+2	2.205558E+3	0.000000E+0	0.000000E+0	0.000000E+0	1.196489E+2	216.816903E-12	6.642300E+3	4.247983E+3	2.039820E+3	2.306915E+3	4.329159E+3	0.000000E+0	0.000000E+0	0.000000E+0	56.784013E+3	25.000000	25.000000	25.000000	25.000000
2021-03-22 18:16:02	3.6992781629E+9	2.168169E-10	1.273416E+4	1.819462E+4	2.583093E+3	3.993776E+2	2.202992E+3	0.000000E+0	0.000000E+0	0.000000E+0	1.219358E+2	216.816903E-12	6.795093E+3	3.709274E+3	2.030623E+3	2.288497E+3	4.356777E+3	0.000000E+0	0.000000E+0	0.000000E+0	57.359806E+3	25.000000	25.000000	25.000000	25.000000
2021-03-22 18:16:56	3.6992782164E+9	2.168169E-10	1.265868E+4	1.827204E+4	2.558541E+3	3.877068E+2	2.184350E+3	0.000000E+0	0.000000E+0	0.000000E+0	1.241621E+2	216.816903E-12	6.985024E+3	3.672390E+3	2.093746E+3	2.407669E+3	4.564687E+3	0.000000E+0	0.000000E+0	0.000000E+0	57.919709E+3	25.000000	25.000000	25.000000	25.000000
2021-03-22 18:17:49	3.6992782694E+9	2.168169E-10	1.254674E+4	1.502039E+4	2.250223E+3	3.024667E+2	2.149293E+3	0.000000E+0	0.000000E+0	0.000000E+0	1.263294E+2	216.816903E-12	7.286331E+3	6.248100E+3	3.362732E+3	3.791999E+3	4.991763E+3	0.000000E+0	0.000000E+0	0.000000E+0	58.464247E+3	25.000000	25.000000	25.000000	25.000000
2021-03-22 18:18:42	3.6992783223E+9	2.168169E-10	1.243822E+4	1.358292E+4	2.078113E+3	2.396420E+2	2.085705E+3	0.000000E+0	0.000000E+0	0.000000E+0	1.284988E+2	216.816903E-12	7.603211E+3	8.926180E+3	4.898020E+3	6.068890E+3	5.902051E+3	0.000000E+0	0.000000E+0	0.000000E+0	59.008771E+3	25.000000	25.000000	25.000000	25.000000
2021-03-22 18:19:34	3.6992783748E+9	2.168169E-10	1.234668E+4	1.351609E+4	2.045436E+3	2.341371E+2	2.072210E+3	0.000000E+0	0.000000E+0	0.000000E+0	1.306996E+2	216.816903E-12	7.891584E+3	9.105816E+3	5.334077E+3	6.374038E+3	6.120112E+3	0.000000E+0	0.000000E+0	0.000000E+0	59.560662E+3	25.000000	25.000000	25.000000	25.000000
2021-03-22 18:20:27	3.6992784278E+9	2.168169E-10	1.226332E+4	1.319103E+4	2.009971E+3	2.194834E+2	2.046423E+3	0.000000E+0	0.000000E+0	0.000000E+0	1.328813E+2	216.816903E-12	8.172685E+3	10.090743E+3	5.887937E+3	7.319160E+3	6.562872E+3	0.000000E+0	0.000000E+0	0.000000E+0	60.107211E+3	25.000000	25.000000	25.000000	25.000000
2021-03-22 18:21:20	3.6992784806E+9	2.168169E-10	1.218776E+4	1.306624E+4	1.981520E+3	2.116731E+2	2.028119E+3	0.000000E+0	0.000000E+0	0.000000E+0	1.350570E+2	216.816903E-12	8.444162E+3	10.526134E+3	6.406419E+3	7.917936E+3	6.898688E+3	0.000000E+0	0.000000E+0	0.000000E+0	60.651764E+3	25.000000	25.000000	25.000000	25.000000
2021-03-22 18:22:24	3.6992785443E+9	2.168169E-10	1.210336E+4	1.293186E+4	1.965436E+3	2.031921E+2	2.006674E+3	0.000000E+0	0.000000E+0	0.000000E+0	1.377955E+2	216.816903E-12	8.767863E+3	11.037647E+3	6.734184E+3	8.660619E+3	7.315368E+3	0.000000E+0	0.000000E+0	0.000000E+0	61.336396E+3	25.000000	25.000000	25.000000	25.000000
2021-03-22 18:23:17	3.6992785971E+9	2.168169E-10	1.203510E+4	1.256336E+4	1.944151E+3	2.003312E+2	1.973903E+3	0.000000E+0	0.000000E+0	0.000000E+0	1.398935E+2	216.816903E-12	9.046850E+3	12.721266E+3	7.212506E+3	8.936040E+3	8.000878E+3	0.000000E+0	0.000000E+0	0.000000E+0	61.860352E+3	25.000000	25.000000	25.000000	25.000000
2021-03-22 18:24:10	3.6992786501E+9	2.168169E-10	1.197084E+4	1.245030E+4	1.932223E+3	1.922474E+2	1.961637E+3	0.000000E+0	0.000000E+0	0.000000E+0	1.419798E+2	216.816903E-12	9.324725E+3	13.340282E+3	7.505417E+3	9.792613E+3	8.272419E+3	0.000000E+0	0.000000E+0	0.000000E+0	62.380857E+3	25.000000	25.000000	25.000000	25.000000
2021-03-22 18:25:02	3.6992787027E+9	2.168169E-10	1.191196E+4	1.236388E+4	1.940891E+3	1.921175E+2	1.949667E+3	0.000000E+0	0.000000E+0	0.000000E+0	1.440290E+2	216.816903E-12	9.593337E+3	13.853141E+3	7.290706E+3	9.807399E+3	8.544944E+3	0.000000E+0	0.000000E+0	0.000000E+0	62.891607E+3	25.000000	25.000000	25.000000	25.000000
2021-03-22 18:25:55	3.6992787557E+9	2.168169E-10	1.185630E+4	1.226002E+4	1.929235E+3	1.888092E+2	1.939802E+3	0.000000E+0	0.000000E+0	0.000000E+0	1.460434E+2	216.816903E-12	9.860373E+3	14.520684E+3	7.581841E+3	10.196071E+3	8.774982E+3	0.000000E+0	0.000000E+0	0.000000E+0	63.393191E+3	25.000000	25.000000	25.000000	25.000000
2021-03-22 18:26:54	3.6992788141E+9	2.168169E-10	1.179764E+4	1.231503E+4	1.916208E+3	1.836303E+2	1.929653E+3	0.000000E+0	0.000000E+0	0.000000E+0	1.481214E+2	216.816903E-12	10.156619E+3	14.159796E+3	7.930227E+3	10.853981E+3	9.016461E+3	0.000000E+0	0.000000E+0	0.000000E+0	63.910072E+3	25.000000	25.000000	25.000000	25.000000
2021-03-22 18:27:47	3.6992788672E+9	2.168169E-10	1.174928E+4	1.225933E+4	1.909420E+3	1.826583E+2	1.922232E+3	0.000000E+0	0.000000E+0	0.000000E+0	1.501192E+2	216.816903E-12	10.413096E+3	14.525318E+3	8.122094E+3	10.984711E+3	9.195973E+3	0.000000E+0	0.000000E+0	0.000000E+0	64.406503E+3	25.000000	25.000000	25.000000	25.000000
2021-03-22 18:28:52	3.6992789322E+9	2.168169E-10	1.169778E+4	1.214000E+4	1.903329E+3	1.784995E+2	1.913440E+3	0.000000E+0	0.000000E+0	0.000000E+0	1.527255E+2	216.816903E-12	10.699126E+3	15.370685E+3	8.300736E+3	11.572207E+3	9.411736E+3	0.000000E+0	0.000000E+0	0.000000E+0	65.053348E+3	25.000000	25.000000	25.000000	25.000000
2021-03-22 18:29:53	3.6992789933E+9	2.168169E-10	1.165202E+4	1.212747E+4	1.894955E+3	1.763934E+2	1.906865E+3	0.000000E+0	0.000000E+0	0.000000E+0	1.547576E+2	216.816903E-12	10.965112E+3	15.464739E+3	8.556769E+3	11.888210E+3	9.574970E+3	0.000000E+0	0.000000E+0	0.000000E+0	65.557081E+3	25.000000	25.000000	25.000000	25.000000
2021-03-22 18:30:46	3.6992790461E+9	2.168169E-10	1.161460E+4	1.208385E+4	1.890129E+3	1.771179E+2	1.900939E+3	0.000000E+0	0.000000E+0	0.000000E+0	1.567491E+2	216.816903E-12	11.191445E+3	15.800696E+3	8.710127E+3	11.778030E+3	9.723555E+3	0.000000E+0	0.000000E+0	0.000000E+0	66.050185E+3	25.000000	25.000000	25.000000	25.000000
2021-03-22 18:31:38	3.6992790987E+9	2.168169E-10	1.157974E+4	1.204414E+4	1.885312E+3	1.726221E+2	1.895778E+3	0.000000E+0	0.000000E+0	0.000000E+0	1.586518E+2	216.816903E-12	11.409774E+3	16.118512E+3	8.867575E+3	12.487779E+3	9.853857E+3	0.000000E+0	0.000000E+0	0.000000E+0	66.520814E+3	25.000000	25.000000	25.000000	25.000000
2021-03-22 18:32:42	3.6992791624E+9	2.168169E-10	1.154116E+4	1.200046E+4	1.879773E+3	1.686661E+2	1.890593E+3	0.000000E+0	0.000000E+0	0.000000E+0	1.610371E+2	216.816903E-12	11.660184E+3	16.481863E+3	9.054300E+3	13.167321E+3	9.985625E+3	0.000000E+0	0.000000E+0	0.000000E+0	67.110075E+3	25.000000	25.000000	25.000000	25.000000
2021-03-22 18:33:35	3.6992792151E+9	2.168169E-10	1.151115E+4	1.195875E+4	1.874277E+3	1.696203E+2	1.885193E+3	0.000000E+0	0.000000E+0	0.000000E+0	1.628674E+2	216.816903E-12	11.861659E+3	16.843044E+3	9.245809E+3	12.998389E+3	10.123605E+3	0.000000E+0	0.000000E+0	0.000000E+0	67.561680E+3	25.000000	25.000000	25.000000	25.000000
2021-03-22 18:34:33	3.6992792740E+9	2.168169E-10	1.148014E+4	1.192201E+4	1.870155E+3	1.687199E+2	1.880022E+3	0.000000E+0	0.000000E+0	0.000000E+0	1.647614E+2	216.816903E-12	12.076297E+3	17.173426E+3	9.393661E+3	13.157711E+3	10.256405E+3	0.000000E+0	0.000000E+0	0.000000E+0	68.028524E+3	25.000000	25.000000	25.000000	25.000000
2021-03-22 18:35:37	3.6992793377E+9	2.168169E-10	1.144812E+4	1.188534E+4	1.865627E+3	1.659600E+2	1.875292E+3	0.000000E+0	0.000000E+0	0.000000E+0	1.670154E+2	216.816903E-12	12.305022E+3	17.514973E+3	9.560427E+3	13.664800E+3	10.378357E+3	0.000000E+0	0.000000E+0	0.000000E+0	68.583394E+3	25.000000	25.000000	25.000000	25.000000
2021-03-22 18:36:34	3.6992793945E+9	2.168169E-10	1.142122E+4	1.184467E+4	1.862484E+3	1.666218E+2	1.871255E+3	0.000000E+0	0.000000E+0	0.000000E+0	1.689744E+2	216.816903E-12	12.503007E+3	17.908606E+3	9.678930E+3	13.540552E+3	10.482747E+3	0.000000E+0	0.000000E+0	0.000000E+0	69.065045E+3	25.000000	25.000000	25.000000	25.000000
2021-03-22 18:37:27	3.6992794473E+9	2.168169E-10	1.139763E+4	1.181446E+4	1.859542E+3	1.618880E+2	1.867587E+3	0.000000E+0	0.000000E+0	0.000000E+0	1.707337E+2	216.816903E-12	12.681185E+3	18.211434E+3	9.791964E+3	14.468336E+3	10.577844E+3	0.000000E+0	0.000000E+0	0.000000E+0	69.497121E+3	25.000000	25.000000	25.000000	25.000000
2021-03-22 18:38:26	3.6992795061E+9	2.168169E-10	1.137262E+4	1.178393E+4	1.855883E+3	1.640900E+2	1.863780E+3	0.000000E+0	0.000000E+0	0.000000E+0	1.725725E+2	216.816903E-12	12.874843E+3	18.526952E+3	9.935477E+3	14.025273E+3	10.676649E+3	0.000000E+0	0.000000E+0	0.000000E+0	69.948226E+3	25.000000	25.000000	25.000000	25.000000
2021-03-22 18:39:18	3.6992795588E+9	2.168169E-10	1.135100E+4	1.175522E+4	1.851929E+3	1.623294E+2	1.860556E+3	0.000000E+0	0.000000E+0	0.000000E+0	1.743088E+2	216.816903E-12	13.046431E+3	18.832616E+3	10.094273E+3	14.377871E+3	10.760411E+3	0.000000E+0	0.000000E+0	0.000000E+0	70.373709E+3	25.000000	25.000000	25.000000	25.000000
2021-03-22 18:40:11	3.6992796114E+9	2.168169E-10	1.133054E+4	1.173054E+4	1.848904E+3	1.616219E+2	1.857421E+3	0.000000E+0	0.000000E+0	0.000000E+0	1.760164E+2	216.816903E-12	13.212300E+3	19.102804E+3	10.218427E+3	14.523309E+3	10.842004E+3	0.000000E+0	0.000000E+0	0.000000E+0	70.791738E+3	25.000000	25.000000	25.000000	25.000000
2021-03-22 18:41:15	3.6992796751E+9	2.168169E-10	1.130664E+4	1.170030E+4	1.847257E+3	1.572076E+2	1.853679E+3	0.000000E+0	0.000000E+0	0.000000E+0	1.781914E+2	216.816903E-12	13.410771E+3	19.443327E+3	10.287060E+3	15.482376E+3	10.939292E+3	0.000000E+0	0.000000E+0	0.000000E+0	71.323551E+3	25.000000	25.000000	25.000000	25.000000
2021-03-22 18:42:07	3.6992797277E+9	2.168169E-10	1.128752E+4	1.167843E+4	1.844889E+3	1.585054E+2	1.851060E+3	0.000000E+0	0.000000E+0	0.000000E+0	1.798774E+2	216.816903E-12	13.573108E+3	19.696458E+3	10.386952E+3	15.190842E+3	11.007389E+3	0.000000E+0	0.000000E+0	0.000000E+0	71.735287E+3	25.000000	25.000000	25.000000	25.000000
2021-03-22 18:43:00	3.6992797806E+9	2.168169E-10	1.126943E+4	1.165491E+4	1.841980E+3	1.601474E+2	1.848242E+3	0.000000E+0	0.000000E+0	0.000000E+0	1.815482E+2	216.816903E-12	13.729864E+3	19.975257E+3	10.511776E+3	14.833563E+3	11.080742E+3	0.000000E+0	0.000000E+0	0.000000E+0	72.142919E+3	25.000000	25.000000	25.000000	25.000000
2021-03-22 18:43:59	3.6992798393E+9	2.168169E-10	1.124927E+4	1.162661E+4	1.838913E+3	1.555537E+2	1.845242E+3	0.000000E+0	0.000000E+0	0.000000E+0	1.832830E+2	216.816903E-12	13.908140E+3	20.320104E+3	10.645906E+3	15.866138E+3	11.158641E+3	0.000000E+0	0.000000E+0	0.000000E+0	72.565712E+3	25.000000	25.000000	25.000000	25.000000
2021-03-22 18:44:52	3.6992798924E+9	2.168169E-10	1.123229E+4	1.160729E+4	1.837523E+3	1.550685E+2	1.842784E+3	0.000000E+0	0.000000E+0	0.000000E+0	1.849290E+2	216.816903E-12	14.061306E+3	20.561595E+3	10.707563E+3	15.981412E+3	11.222417E+3	0.000000E+0	0.000000E+0	0.000000E+0	72.966445E+3	25.000000	25.000000	25.000000	25.000000
2021-03-22 18:45:47	3.6992799471E+9	2.168169E-10	1.121504E+4	1.158585E+4	1.834389E+3	1.531662E+2	1.840152E+3	0.000000E+0	0.000000E+0	0.000000E+0	1.866233E+2	216.816903E-12	14.219910E+3	20.835587E+3	10.848657E+3	16.445497E+3	11.290646E+3	0.000000E+0	0.000000E+0	0.000000E+0	73.378509E+3	25.000000	25.000000	25.000000	25.000000
2021-03-22 18:46:44	3.6992800049E+9	2.168169E-10	1.119761E+4	1.155955E+4	1.832247E+3	1.534842E+2	1.837491E+3	0.000000E+0	0.000000E+0	0.000000E+0	1.886950E+2	216.816903E-12	14.383171E+3	21.180575E+3	10.946779E+3	16.366546E+3	11.359526E+3	0.000000E+0	0.000000E+0	0.000000E+0	73.881781E+3	25.000000	25.000000	25.000000	25.000000
2021-03-22 18:47:37	3.6992800578E+9	2.168169E-10	1.118198E+4	1.154578E+4	1.829421E+3	1.561987E+2	1.835309E+3	0.000000E+0	0.000000E+0	0.000000E+0	1.902931E+2	216.816903E-12	14.532205E+3	21.365289E+3	11.078291E+3	15.714821E+3	11.415847E+3	0.000000E+0	0.000000E+0	0.000000E+0	74.269594E+3	25.000000	25.000000	25.000000	25.000000
2021-03-22 18:48:30	3.6992801108E+9	2.168169E-10	1.116688E+4	1.152423E+4	1.828957E+3	1.534367E+2	1.833037E+3	0.000000E+0	0.000000E+0	0.000000E+0	1.918834E+2	216.816903E-12	14.678743E+3	21.659866E+3	11.100111E+3	16.378289E+3	11.474466E+3	0.000000E+0	0.000000E+0	0.000000E+0	74.655115E+3	25.000000	25.000000	25.000000	25.000000
2021-03-22 18:49:31	3.6992801714E+9	2.168169E-10	1.115057E+4	1.150560E+4	1.826703E+3	1.515968E+2	1.830899E+3	0.000000E+0	0.000000E+0	0.000000E+0	1.935189E+2	216.816903E-12	14.839755E+3	21.920362E+3	11.207116E+3	16.843576E+3	11.529505E+3	0.000000E+0	0.000000E+0	0.000000E+0	75.051213E+3	25.000000	25.000000	25.000000	25.000000
2021-03-22 18:50:24	3.6992802243E+9	2.168169E-10	1.113676E+4	1.148750E+4	1.824589E+3	1.511665E+2	1.828409E+3	0.000000E+0	0.000000E+0	0.000000E+0	1.950800E+2	216.816903E-12	14.978349E+3	22.178815E+3	11.308882E+3	16.955213E+3	11.593389E+3	0.000000E+0	0.000000E+0	0.000000E+0	75.428936E+3	25.000000	25.000000	25.000000	25.000000
2021-03-22 18:51:16	3.6992802769E+9	2.168169E-10	1.112336E+4	1.146795E+4	1.824502E+3	1.499745E+2	1.826484E+3	0.000000E+0	0.000000E+0	0.000000E+0	1.966243E+2	216.816903E-12	15.114977E+3	22.463925E+3	11.313104E+3	17.270207E+3	11.642721E+3	0.000000E+0	0.000000E+0	0.000000E+0	75.802229E+3	25.000000	25.000000	25.000000	25.000000
2021-03-22 18:52:09	3.6992803298E+9	2.168169E-10	1.111024E+4	1.144751E+4	1.821054E+3	1.496506E+2	1.824484E+3	0.000000E+0	0.000000E+0	0.000000E+0	1.981713E+2	216.816903E-12	15.250715E+3	22.768815E+3	11.482303E+3	17.357304E+3	11.693805E+3	0.000000E+0	0.000000E+0	0.000000E+0	76.175865E+3	25.000000	25.000000	25.000000	25.000000
2021-03-22 18:53:08	3.6992803885E+9	2.168169E-10	1.109627E+4	1.143304E+4	1.819660E+3	1.514592E+2	1.822321E+3	0.000000E+0	0.000000E+0	0.000000E+0	1.997539E+2	216.816903E-12	15.397488E+3	22.989033E+3	11.551840E+3	16.879141E+3	11.748925E+3	0.000000E+0	0.000000E+0	0.000000E+0	76.557734E+3	25.000000	25.000000	25.000000	25.000000
2021-03-22 18:54:03	3.6992804433E+9	2.168169E-10	1.108346E+4	1.141777E+4	1.816322E+3	1.491472E+2	1.820390E+3	0.000000E+0	0.000000E+0	0.000000E+0	2.013312E+2	216.816903E-12	15.534116E+3	23.225401E+3	11.720905E+3	17.493928E+3	11.797898E+3	0.000000E+0	0.000000E+0	0.000000E+0	76.937978E+3	25.000000	25.000000	25.000000	25.000000
2021-03-22 18:55:06	3.6992805068E+9	2.168169E-10	1.106926E+4	1.140102E+4	1.815495E+3	1.486912E+2	1.818641E+3	0.000000E+0	0.000000E+0	0.000000E+0	2.032438E+2	216.816903E-12	15.687881E+3	23.489616E+3	11.763386E+3	17.619086E+3	11.842218E+3	0.000000E+0	0.000000E+0	0.000000E+0	77.398580E+3	25.000000	25.000000	25.000000	25.000000
2021-03-22 18:55:59	3.6992805595E+9	2.168169E-10	1.105796E+4	1.138410E+4	1.815254E+3	1.476637E+2	1.816404E+3	0.000000E+0	0.000000E+0	0.000000E+0	2.047329E+2	216.816903E-12	15.812104E+3	23.761807E+3	11.775817E+3	17.905943E+3	11.898671E+3	0.000000E+0	0.000000E+0	0.000000E+0	77.756836E+3	25.000000	25.000000	25.000000	25.000000
2021-03-22 18:56:52	3.6992806124E+9	2.168169E-10	1.104653E+4	1.137164E+4	1.813168E+3	1.454751E+2	1.814812E+3	0.000000E+0	0.000000E+0	0.000000E+0	2.062001E+2	216.816903E-12	15.939362E+3	23.965634E+3	11.884168E+3	18.540351E+3	11.938692E+3	0.000000E+0	0.000000E+0	0.000000E+0	78.109542E+3	25.000000	25.000000	25.000000	25.000000
2021-03-22 18:57:50	3.6992806709E+9	2.168169E-10	1.103507E+4	1.135538E+4	1.810489E+3	1.475406E+2	1.813163E+3	0.000000E+0	0.000000E+0	0.000000E+0	2.077275E+2	216.816903E-12	16.068691E+3	24.236426E+3	12.025620E+3	17.940780E+3	11.980067E+3	0.000000E+0	0.000000E+0	0.000000E+0	78.476431E+3	25.000000	25.000000	25.000000	25.000000
2021-03-22 18:58:43	3.6992807237E+9	2.168169E-10	1.102439E+4	1.134195E+4	1.809569E+3	1.463558E+2	1.811312E+3	0.000000E+0	0.000000E+0	0.000000E+0	2.091688E+2	216.816903E-12	16.190706E+3	24.463832E+3	12.074767E+3	18.281153E+3	12.026252E+3	0.000000E+0	0.000000E+0	0.000000E+0	78.822337E+3	25.000000	25.000000	25.000000	25.000000
2021-03-22 18:59:36	3.6992807763E+9	2.168169E-10	1.101432E+4	1.132757E+4	1.809613E+3	1.446154E+2	1.809794E+3	0.000000E+0	0.000000E+0	0.000000E+0	2.106170E+2	216.816903E-12	16.307237E+3	24.711594E+3	12.072423E+3	18.798593E+3	12.064031E+3	0.000000E+0	0.000000E+0	0.000000E+0	79.169627E+3	25.000000	25.000000	25.000000	25.000000
2021-03-22 19:00:40	3.6992808401E+9	2.168169E-10	1.100243E+4	1.131584E+4	1.808088E+3	1.436945E+2	1.808229E+3	0.000000E+0	0.000000E+0	0.000000E+0	2.124427E+2	216.816903E-12	16.446508E+3	24.916843E+3	12.154570E+3	19.081085E+3	12.102918E+3	0.000000E+0	0.000000E+0	0.000000E+0	79.607067E+3	25.000000	25.000000	25.000000	25.000000
2021-03-22 19:01:32	3.6992808928E+9	2.168169E-10	1.099289E+4	1.129953E+4	1.806272E+3	1.432708E+2	1.806373E+3	0.000000E+0	0.000000E+0	0.000000E+0	2.138610E+2	216.816903E-12	16.559661E+3	25.206988E+3	12.253503E+3	19.213159E+3	12.148711E+3	0.000000E+0	0.000000E+0	0.000000E+0	79.946585E+3	25.000000	25.000000	25.000000	25.000000
2021-03-22 19:02:27	3.6992809476E+9	2.168169E-10	1.098341E+4	1.128693E+4	1.805272E+3	1.447929E+2	1.804907E+3	0.000000E+0	0.000000E+0	0.000000E+0	2.153297E+2	216.816903E-12	16.673415E+3	25.435179E+3	12.308555E+3	18.744820E+3	12.184781E+3	0.000000E+0	0.000000E+0	0.000000E+0	80.297918E+3	25.000000	25.000000	25.000000	25.000000
2021-03-22 19:03:26	3.6992810063E+9	2.168169E-10	1.097341E+4	1.127557E+4	1.803570E+3	1.422986E+2	1.803489E+3	0.000000E+0	0.000000E+0	0.000000E+0	2.167816E+2	216.816903E-12	16.794742E+3	25.643891E+3	12.403043E+3	19.521334E+3	12.219512E+3	0.000000E+0	0.000000E+0	0.000000E+0	80.644986E+3	25.000000	25.000000	25.000000	25.000000
2021-03-22 19:04:19	3.6992810590E+9	2.168169E-10	1.096443E+4	1.126193E+4	1.802553E+3	1.429944E+2	1.801902E+3	0.000000E+0	0.000000E+0	0.000000E+0	2.181624E+2	216.816903E-12	16.905014E+3	25.898361E+3	12.460007E+3	19.300050E+3	12.258240E+3	0.000000E+0	0.000000E+0	0.000000E+0	80.974795E+3	25.000000	25.000000	25.000000	25.000000
2021-03-22 19:05:11	3.6992811117E+9	2.168169E-10	1.095581E+4	1.125256E+4	1.801031E+3	1.442939E+2	1.800625E+3	0.000000E+0	0.000000E+0	0.000000E+0	2.195413E+2	216.816903E-12	17.011900E+3	26.075702E+3	12.546076E+3	18.896509E+3	12.289312E+3	0.000000E+0	0.000000E+0	0.000000E+0	81.303934E+3	25.000000	25.000000	25.000000	25.000000
2021-03-22 19:06:15	3.6992811754E+9	2.168169E-10	1.094588E+4	1.124115E+4	1.799869E+3	1.427047E+2	1.798896E+3	0.000000E+0	0.000000E+0	0.000000E+0	2.212921E+2	216.816903E-12	17.136344E+3	26.294388E+3	12.612328E+3	19.391735E+3	12.331128E+3	0.000000E+0	0.000000E+0	0.000000E+0	81.721525E+3	25.000000	25.000000	25.000000	25.000000
2021-03-22 19:07:08	3.6992812281E+9	2.168169E-10	1.093761E+4	1.122681E+4	1.799349E+3	1.419557E+2	1.797730E+3	0.000000E+0	0.000000E+0	0.000000E+0	2.226471E+2	216.816903E-12	17.241268E+3	26.573680E+3	12.642216E+3	19.631719E+3	12.359212E+3	0.000000E+0	0.000000E+0	0.000000E+0	82.044456E+3	25.000000	25.000000	25.000000	25.000000
2021-03-22 19:08:01	3.6992812810E+9	2.168169E-10	1.093001E+4	1.121841E+4	1.797703E+3	1.402952E+2	1.796438E+3	0.000000E+0	0.000000E+0	0.000000E+0	2.239920E+2	216.816903E-12	17.338474E+3	26.739598E+3	12.737332E+3	20.179495E+3	12.390220E+3	0.000000E+0	0.000000E+0	0.000000E+0	82.364781E+3	25.000000	25.000000	25.000000	25.000000
2021-03-22 19:08:59	3.6992813396E+9	2.168169E-10	1.092176E+4	1.120602E+4	1.796548E+3	1.402907E+2	1.795182E+3	0.000000E+0	0.000000E+0	0.000000E+0	2.253835E+2	216.816903E-12	17.444962E+3	26.987583E+3	12.804771E+3	20.181009E+3	12.420251E+3	0.000000E+0	0.000000E+0	0.000000E+0	82.696003E+3	25.000000	25.000000	25.000000	25.000000
2021-03-22 19:09:52	3.6992813926E+9	2.168169E-10	1.091434E+4	1.119684E+4	1.795989E+3	1.395579E+2	1.793819E+3	0.000000E+0	0.000000E+0	0.000000E+0	2.267106E+2	216.816903E-12	17.541704E+3	27.173910E+3	12.837612E+3	20.429911E+3	12.452667E+3	0.000000E+0	0.000000E+0	0.000000E+0	83.011693E+3	25.000000	25.000000	25.000000	25.000000
2021-03-22 19:10:47	3.6992814472E+9	2.168169E-10	1.090667E+4	1.118518E+4	1.795038E+3	1.404120E+2	1.792638E+3	0.000000E+0	0.000000E+0	0.000000E+0	2.280862E+2	216.816903E-12	17.642693E+3	27.413521E+3	12.893749E+3	20.140243E+3	12.480664E+3	0.000000E+0	0.000000E+0	0.000000E+0	83.338714E+3	25.000000	25.000000	25.000000	25.000000
2021-03-22 19:11:50	3.6992815109E+9	2.168169E-10	1.089834E+4	1.117575E+4	1.794132E+3	1.355624E+2	1.791199E+3	0.000000E+0	0.000000E+0	0.000000E+0	2.297580E+2	216.816903E-12	17.753430E+3	27.609852E+3	12.947549E+3	21.868716E+3	12.514623E+3	0.000000E+0	0.000000E+0	0.000000E+0	83.735881E+3	25.000000	25.000000	25.000000	25.000000
2021-03-22 19:12:43	3.6992815638E+9	2.168169E-10	1.089130E+4	1.116515E+4	1.793657E+3	1.379492E+2	1.790141E+3	0.000000E+0	0.000000E+0	0.000000E+0	2.310576E+2	216.816903E-12	17.847825E+3	27.833480E+3	12.975958E+3	20.992173E+3	12.539451E+3	0.000000E+0	0.000000E+0	0.000000E+0	84.044437E+3	25.000000	25.000000	25.000000	25.000000
2021-03-22 19:13:36	3.6992816167E+9	2.168169E-10	1.088458E+4	1.115720E+4	1.791718E+3	1.357670E+2	1.789016E+3	0.000000E+0	0.000000E+0	0.000000E+0	2.323483E+2	216.816903E-12	17.938688E+3	28.003235E+3	13.092663E+3	21.791492E+3	12.565701E+3	0.000000E+0	0.000000E+0	0.000000E+0	84.350684E+3	25.000000	25.000000	25.000000	25.000000
2021-03-22 19:14:35	3.6992816750E+9	2.168169E-10	1.087741E+4	1.114574E+4	1.791375E+3	1.386814E+2	1.787791E+3	0.000000E+0	0.000000E+0	0.000000E+0	2.336743E+2	216.816903E-12	18.036454E+3	28.250813E+3	13.113467E+3	20.733507E+3	12.594202E+3	0.000000E+0	0.000000E+0	0.000000E+0	84.665167E+3	25.000000	25.000000	25.000000	25.000000
2021-03-22 19:15:27	3.6992817278E+9	2.168169E-10	1.087127E+4	1.113805E+4	1.790134E+3	1.410555E+2	1.786768E+3	0.000000E+0	0.000000E+0	0.000000E+0	2.349451E+2	216.816903E-12	18.120813E+3	28.419209E+3	13.189252E+3	19.925961E+3	12.617953E+3	0.000000E+0	0.000000E+0	0.000000E+0	84.966381E+3	25.000000	25.000000	25.000000	25.000000
2021-03-22 19:16:20	3.6992817805E+9	2.168169E-10	1.086499E+4	1.112953E+4	1.790082E+3	1.361304E+2	1.785709E+3	0.000000E+0	0.000000E+0	0.000000E+0	2.362006E+2	216.816903E-12	18.207876E+3	28.607666E+3	13.192398E+3	21.655363E+3	12.642298E+3	0.000000E+0	0.000000E+0	0.000000E+0	85.263812E+3	25.000000	25.000000	25.000000	25.000000
2021-03-22 19:17:24	3.6992818441E+9	2.168169E-10	1.085771E+4	1.111985E+4	1.789099E+3	1.382618E+2	1.784436E+3	0.000000E+0	0.000000E+0	0.000000E+0	2.378034E+2	216.816903E-12	18.309550E+3	28.824055E+3	13.252892E+3	20.881180E+3	12.671548E+3	0.000000E+0	0.000000E+0	0.000000E+0	85.643303E+3	25.000000	25.000000	25.000000	25.000000
2021-03-22 19:18:16	3.6992818968E+9	2.168169E-10	1.085176E+4	1.111179E+4	1.786834E+3	1.380011E+2	1.783542E+3	0.000000E+0	0.000000E+0	0.000000E+0	2.390485E+2	216.816903E-12	18.393372E+3	29.006570E+3	13.393832E+3	20.973695E+3	12.691981E+3	0.000000E+0	0.000000E+0	0.000000E+0	85.937948E+3	25.000000	25.000000	25.000000	25.000000
2021-03-22 19:19:11	3.6992819519E+9	2.168169E-10	1.084584E+4	1.110419E+4	1.787068E+3	1.362868E+2	1.782483E+3	0.000000E+0	0.000000E+0	0.000000E+0	2.403375E+2	216.816903E-12	18.477356E+3	29.180401E+3	13.379213E+3	21.597135E+3	12.716024E+3	0.000000E+0	0.000000E+0	0.000000E+0	86.242839E+3	25.000000	25.000000	25.000000	25.000000
2021-03-22 19:20:10	3.6992820103E+9	2.168169E-10	1.083948E+4	1.109467E+4	1.786003E+3	1.365047E+2	1.781432E+3	0.000000E+0	0.000000E+0	0.000000E+0	2.416120E+2	216.816903E-12	18.568272E+3	29.400522E+3	13.446118E+3	21.516418E+3	12.739844E+3	0.000000E+0	0.000000E+0	0.000000E+0	86.544142E+3	25.000000	25.000000	25.000000	25.000000
2021-03-22 19:21:03	3.6992820631E+9	2.168169E-10	1.083401E+4	1.108736E+4	1.785357E+3	1.330440E+2	1.780523E+3	0.000000E+0	0.000000E+0	0.000000E+0	2.428322E+2	216.816903E-12	18.647008E+3	29.571338E+3	13.487032E+3	22.852238E+3	12.760283E+3	0.000000E+0	0.000000E+0	0.000000E+0	86.832501E+3	25.000000	25.000000	25.000000	25.000000
2021-03-22 19:21:55	3.6992821157E+9	2.168169E-10	1.082860E+4	1.107757E+4	1.784511E+3	1.361381E+2	1.779570E+3	0.000000E+0	0.000000E+0	0.000000E+0	2.440467E+2	216.816903E-12	18.725450E+3	29.802764E+3	13.540797E+3	21.652472E+3	12.781656E+3	0.000000E+0	0.000000E+0	0.000000E+0	87.119370E+3	25.000000	25.000000	25.000000	25.000000
2021-03-22 19:22:59	3.6992821792E+9	2.168169E-10	1.082232E+4	1.107107E+4	1.783043E+3	1.352634E+2	1.778502E+3	0.000000E+0	0.000000E+0	0.000000E+0	2.455830E+2	216.816903E-12	18.817152E+3	29.958103E+3	13.634898E+3	21.982225E+3	12.805460E+3	0.000000E+0	0.000000E+0	0.000000E+0	87.482085E+3	25.000000	25.000000	25.000000	25.000000
2021-03-22 19:23:52	3.6992822321E+9	2.168169E-10	1.081727E+4	1.106411E+4	1.782754E+3	1.352477E+2	1.777652E+3	0.000000E+0	0.000000E+0	0.000000E+0	2.467803E+2	216.816903E-12	18.891415E+3	30.125852E+3	13.653539E+3	21.988233E+3	12.824335E+3	0.000000E+0	0.000000E+0	0.000000E+0	87.764613E+3	25.000000	25.000000	25.000000	25.000000
2021-03-22 19:24:45	3.6992822850E+9	2.168169E-10	1.081195E+4	1.105671E+4	1.782119E+3	1.340638E+2	1.776803E+3	0.000000E+0	0.000000E+0	0.000000E+0	2.479708E+2	216.816903E-12	18.970122E+3	30.305997E+3	13.694666E+3	22.446389E+3	12.843115E+3	0.000000E+0	0.000000E+0	0.000000E+0	88.045460E+3	25.000000	25.000000	25.000000	25.000000
2021-03-22 19:25:43	3.6992823437E+9	2.168169E-10	1.080660E+4	1.105250E+4	1.781913E+3	1.337678E+2	1.775799E+3	0.000000E+0	0.000000E+0	0.000000E+0	2.491981E+2	216.816903E-12	19.049814E+3	30.409391E+3	13.708044E+3	22.563112E+3	12.865164E+3	0.000000E+0	0.000000E+0	0.000000E+0	88.334837E+3	25.000000	25.000000	25.000000	25.000000
2021-03-22 19:26:35	3.6992823960E+9	2.168169E-10	1.080192E+4	1.104599E+4	1.780053E+3	1.340015E+2	1.775029E+3	0.000000E+0	0.000000E+0	0.000000E+0	2.503586E+2	216.816903E-12	19.120017E+3	30.570271E+3	13.829651E+3	22.470916E+3	12.882118E+3	0.000000E+0	0.000000E+0	0.000000E+0	88.608393E+3	25.000000	25.000000	25.000000	25.000000
2021-03-22 19:27:28	3.6992824487E+9	2.168169E-10	1.079717E+4	1.103696E+4	1.781632E+3	1.338154E+2	1.774204E+3	0.000000E+0	0.000000E+0	0.000000E+0	2.515100E+2	216.816903E-12	19.191631E+3	30.795681E+3	13.726289E+3	22.544287E+3	12.900057E+3	0.000000E+0	0.000000E+0	0.000000E+0	88.879683E+3	25.000000	25.000000	25.000000	25.000000
2021-03-22 19:28:34	3.6992825146E+9	2.168169E-10	1.079155E+4	1.102909E+4	1.779450E+3	1.337091E+2	1.773157E+3	0.000000E+0	0.000000E+0	0.000000E+0	2.530171E+2	216.816903E-12	19.276873E+3	30.994249E+3	13.869439E+3	22.586391E+3	12.922808E+3	0.000000E+0	0.000000E+0	0.000000E+0	89.234646E+3	25.000000	25.000000	25.000000	25.000000
2021-03-22 19:29:27	3.6992825674E+9	2.168169E-10	1.078670E+4	1.102340E+4	1.779447E+3	1.306932E+2	1.772421E+3	0.000000E+0	0.000000E+0	0.000000E+0	2.541466E+2	216.816903E-12	19.351055E+3	31.139252E+3	13.869612E+3	23.829063E+3	12.938634E+3	0.000000E+0	0.000000E+0	0.000000E+0	89.500588E+3	25.000000	25.000000	25.000000	25.000000
2021-03-22 19:30:20	3.6992826202E+9	2.168169E-10	1.078232E+4	1.101835E+4	1.777080E+3	1.303257E+2	1.771659E+3	0.000000E+0	0.000000E+0	0.000000E+0	2.552725E+2	216.816903E-12	19.418355E+3	31.268969E+3	14.027475E+3	23.987193E+3	12.955009E+3	0.000000E+0	0.000000E+0	0.000000E+0	89.765573E+3	25.000000	25.000000	25.000000	25.000000
2021-03-22 19:31:18	3.6992826789E+9	2.168169E-10	1.077741E+4	1.101083E+4	1.777223E+3	1.317117E+2	1.770749E+3	0.000000E+0	0.000000E+0	0.000000E+0	2.564363E+2	216.816903E-12	19.494230E+3	31.463535E+3	14.017815E+3	23.398584E+3	12.974467E+3	0.000000E+0	0.000000E+0	0.000000E+0	90.039403E+3	25.000000	25.000000	25.000000	25.000000
2021-03-22 19:32:11	3.6992827316E+9	2.168169E-10	1.077312E+4	1.100466E+4	1.776261E+3	1.337636E+2	1.770076E+3	0.000000E+0	0.000000E+0	0.000000E+0	2.575546E+2	216.816903E-12	19.560955E+3	31.624696E+3	14.082709E+3	22.564804E+3	12.988828E+3	0.000000E+0	0.000000E+0	0.000000E+0	90.302453E+3	25.000000	25.000000	25.000000	25.000000
2021-03-22 19:33:14	3.6992827949E+9	2.168169E-10	1.076758E+4	1.099996E+4	1.776533E+3	1.310853E+2	1.769307E+3	0.000000E+0	0.000000E+0	0.000000E+0	2.589518E+2	216.816903E-12	19.647621E+3	31.748386E+3	14.064303E+3	23.662012E+3	13.005148E+3	0.000000E+0	0.000000E+0	0.000000E+0	90.630982E+3	25.000000	25.000000	25.000000	25.000000
2021-03-22 19:34:07	3.6992828479E+9	2.168169E-10	1.076344E+4	1.099178E+4	1.775314E+3	1.333853E+2	1.768395E+3	0.000000E+0	0.000000E+0	0.000000E+0	2.600350E+2	216.816903E-12	19.712683E+3	31.965517E+3	14.146994E+3	22.715248E+3	13.024357E+3	0.000000E+0	0.000000E+0	0.000000E+0	90.885597E+3	25.000000	25.000000	25.000000	25.000000
2021-03-22 19:35:00	3.6992829005E+9	2.168169E-10	1.075946E+4	1.098666E+4	1.775418E+3	1.281850E+2	1.767768E+3	0.000000E+0	0.000000E+0	0.000000E+0	2.611175E+2	216.816903E-12	19.775690E+3	32.102806E+3	14.139921E+3	24.938934E+3	13.037476E+3	0.000000E+0	0.000000E+0	0.000000E+0	91.139983E+3	25.000000	25.000000	25.000000	25.000000
2021-03-22 19:35:53	3.6992829534E+9	2.168169E-10	1.075542E+4	1.098170E+4	1.774801E+3	1.306654E+2	1.767019E+3	0.000000E+0	0.000000E+0	0.000000E+0	2.621910E+2	216.816903E-12	19.840012E+3	32.236686E+3	14.181990E+3	23.840969E+3	13.053150E+3	0.000000E+0	0.000000E+0	0.000000E+0	91.392181E+3	25.000000	25.000000	25.000000	25.000000
2021-03-22 19:36:54	3.6992830145E+9	2.168169E-10	1.075107E+4	1.097545E+4	1.772978E+3	1.305294E+2	1.766194E+3	0.000000E+0	0.000000E+0	0.000000E+0	2.633436E+2	216.816903E-12	19.909448E+3	32.406381E+3	14.307421E+3	23.899355E+3	13.070243E+3	0.000000E+0	0.000000E+0	0.000000E+0	91.662918E+3	25.000000	25.000000	25.000000	25.000000
2021-03-22 19:37:46	3.6992830670E+9	2.168169E-10	1.074687E+4	1.096961E+4	1.773832E+3	1.315031E+2	1.765548E+3	0.000000E+0	0.000000E+0	0.000000E+0	2.643997E+2	216.816903E-12	19.976993E+3	32.566676E+3	14.248446E+3	23.485835E+3	13.083610E+3	0.000000E+0	0.000000E+0	0.000000E+0	91.910894E+3	25.000000	25.000000	25.000000	25.000000
2021-03-22 19:38:50	3.6992831307E+9	2.168169E-10	1.074242E+4	1.096431E+4	1.772764E+3	1.317106E+2	1.764902E+3	0.000000E+0	0.000000E+0	0.000000E+0	2.657507E+2	216.816903E-12	20.049031E+3	32.712999E+3	14.322280E+3	23.399037E+3	13.096904E+3	0.000000E+0	0.000000E+0	0.000000E+0	92.228051E+3	25.000000	25.000000	25.000000	25.000000
2021-03-22 19:39:43	3.6992831833E+9	2.168169E-10	1.073855E+4	1.095812E+4	1.771577E+3	1.302911E+2	1.764067E+3	0.000000E+0	0.000000E+0	0.000000E+0	2.667910E+2	216.816903E-12	20.111890E+3	32.885421E+3	14.404969E+3	24.002121E+3	13.114052E+3	0.000000E+0	0.000000E+0	0.000000E+0	92.472194E+3	25.000000	25.000000	25.000000	25.000000
2021-03-22 19:40:35	3.6992832360E+9	2.168169E-10	1.073482E+4	1.095340E+4	1.772229E+3	1.293789E+2	1.763433E+3	0.000000E+0	0.000000E+0	0.000000E+0	2.678290E+2	216.816903E-12	20.172706E+3	33.017849E+3	14.359477E+3	24.401591E+3	13.126923E+3	0.000000E+0	0.000000E+0	0.000000E+0	92.715755E+3	25.000000	25.000000	25.000000	25.000000
2021-03-22 19:41:28	3.6992832887E+9	2.168169E-10	1.073121E+4	1.094897E+4	1.771182E+3	1.289781E+2	1.762787E+3	0.000000E+0	0.000000E+0	0.000000E+0	2.688592E+2	216.816903E-12	20.231977E+3	33.142896E+3	14.432609E+3	24.580103E+3	13.140030E+3	0.000000E+0	0.000000E+0	0.000000E+0	92.957431E+3	25.000000	25.000000	25.000000	25.000000
2021-03-22 19:42:27	3.6992833475E+9	2.168169E-10	1.072737E+4	1.094294E+4	1.771301E+3	1.290406E+2	1.762062E+3	0.000000E+0	0.000000E+0	0.000000E+0	2.699295E+2	216.816903E-12	20.295305E+3	33.314148E+3	14.424284E+3	24.552128E+3	13.154706E+3	0.000000E+0	0.000000E+0	0.000000E+0	93.208473E+3	25.000000	25.000000	25.000000	25.000000
2021-03-22 19:43:20	3.6992834001E+9	2.168169E-10	1.072387E+4	1.093661E+4	1.770097E+3	1.287466E+2	1.761465E+3	0.000000E+0	0.000000E+0	0.000000E+0	2.709461E+2	216.816903E-12	20.353305E+3	33.495984E+3	14.509098E+3	24.684078E+3	13.166694E+3	0.000000E+0	0.000000E+0	0.000000E+0	93.446853E+3	25.000000	25.000000	25.000000	25.000000
2021-03-22 19:44:23	3.6992834639E+9	2.168169E-10	1.070687E+4	1.093522E+4	1.769952E+3	1.279771E+2	1.760857E+3	0.000000E+0	0.000000E+0	0.000000E+0	2.722425E+2	216.816903E-12	20.638488E+3	33.535868E+3	14.519307E+3	25.034244E+3	13.178811E+3	0.000000E+0	0.000000E+0	0.000000E+0	93.750812E+3	25.000000	25.000000	25.000000	25.000000
2021-03-22 19:45:18	3.6992835187E+9	2.168169E-10	1.070339E+4	1.090836E+4	1.769227E+3	1.281455E+2	1.759669E+3	0.000000E+0	0.000000E+0	0.000000E+0	2.732874E+2	216.816903E-12	20.697687E+3	34.326147E+3	14.570837E+3	24.956989E+3	13.202462E+3	0.000000E+0	0.000000E+0	0.000000E+0	93.995736E+3	25.000000	25.000000	25.000000	25.000000
2021-03-22 19:46:11	3.6992835716E+9	2.168169E-10	1.070026E+4	1.090069E+4	1.768458E+3	1.262278E+2	1.758975E+3	0.000000E+0	0.000000E+0	0.000000E+0	2.743264E+2	216.816903E-12	20.751279E+3	34.557319E+3	14.625736E+3	25.857309E+3	13.216127E+3	0.000000E+0	0.000000E+0	0.000000E+0	94.239219E+3	25.000000	25.000000	25.000000	25.000000
2021-03-22 19:47:10	3.6992836302E+9	2.168169E-10	1.069708E+4	1.090016E+4	1.768765E+3	1.266955E+2	1.758227E+3	0.000000E+0	0.000000E+0	0.000000E+0	2.753976E+2	216.816903E-12	20.805817E+3	34.573298E+3	14.603747E+3	25.633508E+3	13.230794E+3	0.000000E+0	0.000000E+0	0.000000E+0	94.490225E+3	25.000000	25.000000	25.000000	25.000000
2021-03-22 19:48:03	3.6992836830E+9	2.168169E-10	1.069419E+4	1.089712E+4	1.767274E+3	1.257132E+2	1.757456E+3	0.000000E+0	0.000000E+0	0.000000E+0	2.764355E+2	216.816903E-12	20.855465E+3	34.665534E+3	14.710800E+3	26.106769E+3	13.245789E+3	0.000000E+0	0.000000E+0	0.000000E+0	94.733387E+3	25.000000	25.000000	25.000000	25.000000
2021-03-22 19:48:55	3.6992837355E+9	2.168169E-10	1.069134E+4	1.089394E+4	1.767185E+3	1.269171E+2	1.756812E+3	0.000000E+0	0.000000E+0	0.000000E+0	2.774623E+2	216.816903E-12	20.904785E+3	34.762633E+3	14.717220E+3	25.528402E+3	13.258323E+3	0.000000E+0	0.000000E+0	0.000000E+0	94.973913E+3	25.000000	25.000000	25.000000	25.000000
2021-03-22 19:49:59	3.6992837991E+9	2.168169E-10	1.068775E+4	1.088987E+4	1.765930E+3	1.272040E+2	1.756030E+3	0.000000E+0	0.000000E+0	0.000000E+0	2.787785E+2	216.816903E-12	20.966989E+3	34.887498E+3	14.808331E+3	25.393309E+3	13.273373E+3	0.000000E+0	0.000000E+0	0.000000E+0	95.282165E+3	25.000000	25.000000	25.000000	25.000000
2021-03-22 19:50:51	3.6992838517E+9	2.168169E-10	1.068479E+4	1.088632E+4	1.766570E+3	1.259041E+2	1.755507E+3	0.000000E+0	0.000000E+0	0.000000E+0	2.797898E+2	216.816903E-12	21.018529E+3	34.997007E+3	14.761765E+3	26.013831E+3	13.283375E+3	0.000000E+0	0.000000E+0	0.000000E+0	95.518979E+3	25.000000	25.000000	25.000000	25.000000
2021-03-22 19:51:44	3.6992839047E+9	2.168169E-10	1.068214E+4	1.088131E+4	1.765804E+3	1.278633E+2	1.754915E+3	0.000000E+0	0.000000E+0	0.000000E+0	2.808082E+2	216.816903E-12	21.065036E+3	35.152756E+3	14.817532E+3	25.086652E+3	13.294652E+3	0.000000E+0	0.000000E+0	0.000000E+0	95.757415E+3	25.000000	25.000000	25.000000	25.000000
2021-03-22 19:52:43	3.6992839635E+9	2.168169E-10	1.067929E+4	1.087779E+4	1.764859E+3	1.296637E+2	1.754344E+3	0.000000E+0	0.000000E+0	0.000000E+0	2.818670E+2	216.816903E-12	21.115021E+3	35.262608E+3	14.886777E+3	24.275843E+3	13.305554E+3	0.000000E+0	0.000000E+0	0.000000E+0	96.005274E+3	25.000000	25.000000	25.000000	25.000000
2021-03-22 19:53:38	3.6992840183E+9	2.168169E-10	1.067639E+4	1.087374E+4	1.765605E+3	1.262414E+2	1.753684E+3	0.000000E+0	0.000000E+0	0.000000E+0	2.829095E+2	216.816903E-12	21.166087E+3	35.389750E+3	14.832088E+3	25.850729E+3	13.317958E+3	0.000000E+0	0.000000E+0	0.000000E+0	96.249299E+3	25.000000	25.000000	25.000000	25.000000
2021-03-22 19:54:30	3.6992840708E+9	2.168169E-10	1.067368E+4	1.087138E+4	1.764551E+3	1.259906E+2	1.753134E+3	0.000000E+0	0.000000E+0	0.000000E+0	2.839164E+2	216.816903E-12	21.214004E+3	35.463975E+3	14.909389E+3	25.971843E+3	13.328275E+3	0.000000E+0	0.000000E+0	0.000000E+0	96.484953E+3	25.000000	25.000000	25.000000	25.000000
2021-03-22 19:55:34	3.6992841347E+9	2.168169E-10	1.067033E+4	1.086907E+4	1.763431E+3	1.253613E+2	1.752530E+3	0.000000E+0	0.000000E+0	0.000000E+0	2.851941E+2	216.816903E-12	21.273570E+3	35.537209E+3	14.992241E+3	26.279398E+3	13.339596E+3	0.000000E+0	0.000000E+0	0.000000E+0	96.783962E+3	25.000000	25.000000	25.000000	25.000000
2021-03-22 19:56:27	3.6992841873E+9	2.168169E-10	1.066772E+4	1.086252E+4	1.763169E+3	1.260459E+2	1.751990E+3	0.000000E+0	0.000000E+0	0.000000E+0	2.861715E+2	216.816903E-12	21.319993E+3	35.745836E+3	15.011752E+3	25.945111E+3	13.349600E+3	0.000000E+0	0.000000E+0	0.000000E+0	97.012659E+3	25.000000	25.000000	25.000000	25.000000
2021-03-22 19:57:19	3.6992842398E+9	2.168169E-10	1.066519E+4	1.085825E+4	1.763478E+3	1.265896E+2	1.751491E+3	0.000000E+0	0.000000E+0	0.000000E+0	2.871654E+2	216.816903E-12	21.365340E+3	35.883002E+3	14.988743E+3	25.683922E+3	13.358812E+3	0.000000E+0	0.000000E+0	0.000000E+0	97.245197E+3	25.000000	25.000000	25.000000	25.000000
2021-03-22 19:58:18	3.6992842988E+9	2.168169E-10	1.066211E+4	1.085643E+4	1.762904E+3	1.262153E+2	1.750887E+3	0.000000E+0	0.000000E+0	0.000000E+0	2.881846E+2	216.816903E-12	21.420527E+3	35.941491E+3	15.031440E+3	25.863310E+3	13.369970E+3	0.000000E+0	0.000000E+0	0.000000E+0	97.483625E+3	25.000000	25.000000	25.000000	25.000000
2021-03-22 19:59:11	3.6992843515E+9	2.168169E-10	1.065970E+4	1.084995E+4	1.760892E+3	1.257750E+2	1.750388E+3	0.000000E+0	0.000000E+0	0.000000E+0	2.891673E+2	216.816903E-12	21.464030E+3	36.151544E+3	15.182592E+3	26.076644E+3	13.379102E+3	0.000000E+0	0.000000E+0	0.000000E+0	97.713503E+3	25.000000	25.000000	25.000000	25.000000
2021-03-22 20:00:04	3.6992844042E+9	2.168169E-10	1.065692E+4	1.084958E+4	1.761976E+3	1.249781E+2	1.749890E+3	0.000000E+0	0.000000E+0	0.000000E+0	2.901480E+2	216.816903E-12	21.514208E+3	36.163739E+3	15.100876E+3	26.469176E+3	13.388203E+3	0.000000E+0	0.000000E+0	0.000000E+0	97.942875E+3	25.000000	25.000000	25.000000	25.000000
2021-03-22 20:01:07	3.6992844678E+9	2.168169E-10	1.065429E+4	1.084373E+4	1.762428E+3	1.236924E+2	1.749263E+3	0.000000E+0	0.000000E+0	0.000000E+0	2.913923E+2	216.816903E-12	21.561825E+3	36.355150E+3	15.067031E+3	27.120577E+3	13.399528E+3	0.000000E+0	0.000000E+0	0.000000E+0	98.233902E+3	25.000000	25.000000	25.000000	25.000000
2021-03-22 20:02:02	3.6992845225E+9	2.168169E-10	1.065133E+4	1.083763E+4	1.761237E+3	1.250475E+2	1.748759E+3	0.000000E+0	0.000000E+0	0.000000E+0	2.923982E+2	216.816903E-12	21.615836E+3	36.556715E+3	15.156533E+3	26.434681E+3	13.408637E+3	0.000000E+0	0.000000E+0	0.000000E+0	98.469154E+3	25.000000	25.000000	25.000000	25.000000
2021-03-22 20:02:55	3.6992845756E+9	2.168169E-10	1.064891E+4	1.083614E+4	1.760191E+3	1.242296E+2	1.748292E+3	0.000000E+0	0.000000E+0	0.000000E+0	2.933666E+2	216.816903E-12	21.659953E+3	36.606229E+3	15.235771E+3	26.845646E+3	13.417015E+3	0.000000E+0	0.000000E+0	0.000000E+0	98.695600E+3	25.000000	25.000000	25.000000	25.000000
2021-03-22 20:03:54	3.6992846341E+9	2.168169E-10	1.064616E+4	1.083538E+4	1.759977E+3	1.237500E+2	1.747771E+3	0.000000E+0	0.000000E+0	0.000000E+0	2.943841E+2	216.816903E-12	21.710422E+3	36.631433E+3	15.252060E+3	27.090911E+3	13.426236E+3	0.000000E+0	0.000000E+0	0.000000E+0	98.933539E+3	25.000000	25.000000	25.000000	25.000000
2021-03-22 20:04:57	3.6992846978E+9	2.168169E-10	1.064278E+4	1.083144E+4	1.760094E+3	1.243761E+2	1.747167E+3	0.000000E+0	0.000000E+0	0.000000E+0	2.956199E+2	216.816903E-12	21.772577E+3	36.762973E+3	15.243144E+3	26.771353E+3	13.436960E+3	0.000000E+0	0.000000E+0	0.000000E+0	99.222487E+3	25.000000	25.000000	25.000000	25.000000
2021-03-22 20:05:56	3.6992847562E+9	2.168169E-10	1.064034E+4	1.082297E+4	1.758935E+3	1.254501E+2	1.746718E+3	0.000000E+0	0.000000E+0	0.000000E+0	2.966232E+2	216.816903E-12	21.817718E+3	37.048209E+3	15.331787E+3	26.235665E+3	13.444961E+3	0.000000E+0	0.000000E+0	0.000000E+0	99.457068E+3	25.000000	25.000000	25.000000	25.000000
2021-03-22 20:06:48	3.6992848090E+9	2.168169E-10	1.063793E+4	1.082301E+4	1.759413E+3	1.239924E+2	1.746203E+3	0.000000E+0	0.000000E+0	0.000000E+0	2.975878E+2	216.816903E-12	21.862350E+3	37.046856E+3	15.295174E+3	26.966523E+3	13.453961E+3	0.000000E+0	0.000000E+0	0.000000E+0	99.682568E+3	25.000000	25.000000	25.000000	25.000000
2021-03-22 20:07:41	3.6992848617E+9	2.168169E-10	1.063521E+4	1.081857E+4	1.758553E+3	1.238147E+2	1.745737E+3	0.000000E+0	0.000000E+0	0.000000E+0	2.985547E+2	216.816903E-12	21.913021E+3	37.197805E+3	15.361128E+3	27.057632E+3	13.462130E+3	0.000000E+0	0.000000E+0	0.000000E+0	99.908632E+3	25.000000	25.000000	25.000000	25.000000
2021-03-22 20:08:45	3.6992849252E+9	2.168169E-10	1.063238E+4	1.081713E+4	1.758250E+3	1.245732E+2	1.745207E+3	0.000000E+0	0.000000E+0	0.000000E+0	2.997797E+2	216.816903E-12	21.965802E+3	37.246743E+3	15.384537E+3	26.671882E+3	13.471332E+3	0.000000E+0	0.000000E+0	0.000000E+0	100.195013E+3	25.000000	25.000000	25.000000	25.000000
2021-03-22 20:09:38	3.6992849780E+9	2.168169E-10	1.062985E+4	1.081253E+4	1.758490E+3	1.227671E+2	1.744793E+3	0.000000E+0	0.000000E+0	0.000000E+0	3.007410E+2	216.816903E-12	22.013293E+3	37.404460E+3	15.365975E+3	27.603575E+3	13.478455E+3	0.000000E+0	0.000000E+0	0.000000E+0	100.419725E+3	25.000000	25.000000	25.000000	25.000000
2021-03-22 20:10:32	3.6992850329E+9	2.168169E-10	1.062738E+4	1.080937E+4	1.756687E+3	1.208546E+2	1.744293E+3	0.000000E+0	0.000000E+0	0.000000E+0	3.017385E+2	216.816903E-12	22.059659E+3	37.513515E+3	15.505840E+3	28.641526E+3	13.487029E+3	0.000000E+0	0.000000E+0	0.000000E+0	100.652900E+3	25.000000	25.000000	25.000000	25.000000
2021-03-22 20:11:31	3.6992850917E+9	2.168169E-10	1.062461E+4	1.080476E+4	1.757191E+3	1.234022E+2	1.743809E+3	0.000000E+0	0.000000E+0	0.000000E+0	3.027274E+2	216.816903E-12	22.112019E+3	37.673416E+3	15.466585E+3	27.270722E+3	13.495382E+3	0.000000E+0	0.000000E+0	0.000000E+0	100.884065E+3	25.000000	25.000000	25.000000	25.000000
2021-03-22 20:12:24	3.6992851442E+9	2.168169E-10	1.062228E+4	1.080099E+4	1.756933E+3	1.220322E+2	1.743396E+3	0.000000E+0	0.000000E+0	0.000000E+0	3.036783E+2	216.816903E-12	22.155981E+3	37.804891E+3	15.486633E+3	27.995993E+3	13.502381E+3	0.000000E+0	0.000000E+0	0.000000E+0	101.106350E+3	25.000000	25.000000	25.000000	25.000000
2021-03-22 20:13:16	3.6992851970E+9	2.168169E-10	1.061979E+4	1.079832E+4	1.756926E+3	1.216229E+2	1.742979E+3	0.000000E+0	0.000000E+0	0.000000E+0	3.046192E+2	216.816903E-12	22.203361E+3	37.898654E+3	15.487197E+3	28.217973E+3	13.509447E+3	0.000000E+0	0.000000E+0	0.000000E+0	101.326289E+3	25.000000	25.000000	25.000000	25.000000
2021-03-22 20:14:20	3.6992852603E+9	2.168169E-10	1.061721E+4	1.079379E+4	1.756769E+3	1.213925E+2	1.742426E+3	0.000000E+0	0.000000E+0	0.000000E+0	3.058312E+2	216.816903E-12	22.252598E+3	38.058183E+3	15.499439E+3	28.344037E+3	13.518811E+3	0.000000E+0	0.000000E+0	0.000000E+0	101.609583E+3	25.000000	25.000000	25.000000	25.000000
2021-03-22 20:15:13	3.6992853132E+9	2.168169E-10	1.061451E+4	1.079090E+4	1.756359E+3	1.222450E+2	1.742025E+3	0.000000E+0	0.000000E+0	0.000000E+0	3.067790E+2	216.816903E-12	22.304098E+3	38.160686E+3	15.531456E+3	27.881538E+3	13.525508E+3	0.000000E+0	0.000000E+0	0.000000E+0	101.831130E+3	25.000000	25.000000	25.000000	25.000000
2021-03-22 20:16:05	3.6992853660E+9	2.168169E-10	1.061207E+4	1.078821E+4	1.754471E+3	1.218373E+2	1.741613E+3	0.000000E+0	0.000000E+0	0.000000E+0	3.077194E+2	216.816903E-12	22.351018E+3	38.256372E+3	15.680277E+3	28.101383E+3	13.532416E+3	0.000000E+0	0.000000E+0	0.000000E+0	102.050959E+3	25.000000	25.000000	25.000000	25.000000
2021-03-22 20:17:04	3.6992854247E+9	2.168169E-10	1.060947E+4	1.078666E+4	1.755416E+3	1.201006E+2	1.741112E+3	0.000000E+0	0.000000E+0	0.000000E+0	3.087149E+2	216.816903E-12	22.400962E+3	38.311958E+3	15.605561E+3	29.066023E+3	13.540710E+3	0.000000E+0	0.000000E+0	0.000000E+0	102.283657E+3	25.000000	25.000000	25.000000	25.000000
2021-03-22 20:17:57	3.6992854774E+9	2.168169E-10	1.060715E+4	1.078070E+4	1.754717E+3	1.173505E+2	1.740715E+3	0.000000E+0	0.000000E+0	0.000000E+0	3.096559E+2	216.816903E-12	22.445874E+3	38.525832E+3	15.660810E+3	30.692254E+3	13.547224E+3	0.000000E+0	0.000000E+0	0.000000E+0	102.503612E+3	25.000000	25.000000	25.000000	25.000000
2021-03-22 20:18:52	3.6992855324E+9	2.168169E-10	1.060470E+4	1.077838E+4	1.754400E+3	1.216463E+2	1.740290E+3	0.000000E+0	0.000000E+0	0.000000E+0	3.106349E+2	216.816903E-12	22.493204E+3	38.609820E+3	15.685936E+3	28.205253E+3	13.554230E+3	0.000000E+0	0.000000E+0	0.000000E+0	102.732472E+3	25.000000	25.000000	25.000000	25.000000
2021-03-22 20:19:50	3.6992855901E+9	2.168169E-10	1.060200E+4	1.077667E+4	1.755108E+3	1.200256E+2	1.739836E+3	0.000000E+0	0.000000E+0	0.000000E+0	3.118447E+2	216.816903E-12	22.545742E+3	38.671530E+3	15.629843E+3	29.108703E+3	13.561629E+3	0.000000E+0	0.000000E+0	0.000000E+0	103.015263E+3	25.000000	25.000000	25.000000	25.000000
2021-03-22 20:20:42	3.6992856426E+9	2.168169E-10	1.059963E+4	1.077397E+4	1.753707E+3	1.203138E+2	1.739437E+3	0.000000E+0	0.000000E+0	0.000000E+0	3.127929E+2	216.816903E-12	22.592051E+3	38.769701E+3	15.741174E+3	28.945110E+3	13.568105E+3	0.000000E+0	0.000000E+0	0.000000E+0	103.236926E+3	25.000000	25.000000	25.000000	25.000000
2021-03-22 20:21:35	3.6992856955E+9	2.168169E-10	1.059710E+4	1.077165E+4	1.753803E+3	1.209020E+2	1.739000E+3	0.000000E+0	0.000000E+0	0.000000E+0	3.137408E+2	216.816903E-12	22.641578E+3	38.854463E+3	15.733502E+3	28.615125E+3	13.575249E+3	0.000000E+0	0.000000E+0	0.000000E+0	103.458535E+3	25.000000	25.000000	25.000000	25.000000
2021-03-22 20:22:36	3.6992857563E+9	2.168169E-10	1.059449E+4	1.076712E+4	1.753081E+3	1.201825E+2	1.738630E+3	0.000000E+0	0.000000E+0	0.000000E+0	3.147297E+2	216.816903E-12	22.692775E+3	39.020415E+3	15.791233E+3	29.019448E+3	13.581139E+3	0.000000E+0	0.000000E+0	0.000000E+0	103.689718E+3	25.000000	25.000000	25.000000	25.000000
2021-03-22 20:23:29	3.6992858091E+9	2.168169E-10	1.059197E+4	1.076322E+4	1.752975E+3	1.194891E+2	1.738121E+3	0.000000E+0	0.000000E+0	0.000000E+0	3.156828E+2	216.816903E-12	22.742403E+3	39.164363E+3	15.799765E+3	29.416846E+3	13.589267E+3	0.000000E+0	0.000000E+0	0.000000E+0	103.912541E+3	25.000000	25.000000	25.000000	25.000000
2021-03-22 20:24:21	3.6992858620E+9	2.168169E-10	1.058946E+4	1.075985E+4	1.753485E+3	1.196264E+2	1.737693E+3	0.000000E+0	0.000000E+0	0.000000E+0	3.166320E+2	216.816903E-12	22.792053E+3	39.289373E+3	15.758849E+3	29.337562E+3	13.596083E+3	0.000000E+0	0.000000E+0	0.000000E+0	104.134478E+3	25.000000	25.000000	25.000000	25.000000
2021-03-22 20:25:20	3.6992859205E+9	2.168169E-10	1.058682E+4	1.075628E+4	1.752132E+3	1.211322E+2	1.737252E+3	0.000000E+0	0.000000E+0	0.000000E+0	3.176247E+2	216.816903E-12	22.844540E+3	39.422714E+3	15.867658E+3	28.487443E+3	13.603075E+3	0.000000E+0	0.000000E+0	0.000000E+0	104.366580E+3	25.000000	25.000000	25.000000	25.000000
2021-03-22 20:26:13	3.6992859735E+9	2.168169E-10	1.058465E+4	1.075379E+4	1.751792E+3	1.203218E+2	1.736835E+3	0.000000E+0	0.000000E+0	0.000000E+0	3.185760E+2	216.816903E-12	22.887751E+3	39.516029E+3	15.895142E+3	28.940565E+3	13.609581E+3	0.000000E+0	0.000000E+0	0.000000E+0	104.589004E+3	25.000000	25.000000	25.000000	25.000000
2021-03-22 20:27:13	3.6992860332E+9	2.168169E-10	1.058178E+4	1.075115E+4	1.752245E+3	1.202686E+2	1.736407E+3	0.000000E+0	0.000000E+0	0.000000E+0	3.198348E+2	216.816903E-12	22.945027E+3	39.615415E+3	15.858503E+3	28.970656E+3	13.616291E+3	0.000000E+0	0.000000E+0	0.000000E+0	104.883345E+3	25.000000	25.000000	25.000000	25.000000
2021-03-22 20:28:06	3.6992860860E+9	2.168169E-10	1.057954E+4	1.074801E+4	1.750824E+3	1.187900E+2	1.735976E+3	0.000000E+0	0.000000E+0	0.000000E+0	3.207923E+2	216.816903E-12	22.989973E+3	39.733758E+3	15.973857E+3	29.825365E+3	13.623029E+3	0.000000E+0	0.000000E+0	0.000000E+0	105.107268E+3	25.000000	25.000000	25.000000	25.000000
2021-03-22 20:29:32	3.6992861726E+9	2.168169E-10	1.057556E+4	1.074280E+4	1.750900E+3	1.193641E+2	1.735068E+3	0.000000E+0	0.000000E+0	0.000000E+0	3.222977E+2	216.816903E-12	23.070132E+3	39.931889E+3	15.967654E+3	29.489354E+3	13.636981E+3	0.000000E+0	0.000000E+0	0.000000E+0	105.459323E+3	25.000000	25.000000	25.000000	25.000000
2021-03-22 20:30:40	3.6992862404E+9	2.168169E-10	1.057232E+4	1.073890E+4	1.751667E+3	1.202134E+2	1.734658E+3	0.000000E+0	0.000000E+0	0.000000E+0	3.236194E+2	216.816903E-12	23.135555E+3	40.081212E+3	15.905252E+3	29.001950E+3	13.643277E+3	0.000000E+0	0.000000E+0	0.000000E+0	105.768447E+3	25.000000	25.000000	25.000000	25.000000
2021-03-22 20:31:39	3.6992862992E+9	2.168169E-10	1.056951E+4	1.073635E+4	1.750504E+3	1.200112E+2	1.734299E+3	0.000000E+0	0.000000E+0	0.000000E+0	3.245860E+2	216.816903E-12	23.192735E+3	40.179253E+3	16.000011E+3	29.116919E+3	13.648653E+3	0.000000E+0	0.000000E+0	0.000000E+0	105.994560E+3	25.000000	25.000000	25.000000	25.000000
2021-03-22 20:32:32	3.6992863523E+9	2.168169E-10	1.056723E+4	1.073374E+4	1.750615E+3	1.181981E+2	1.733856E+3	0.000000E+0	0.000000E+0	0.000000E+0	3.255594E+2	216.816903E-12	23.239166E+3	40.280029E+3	15.990883E+3	30.177604E+3	13.655382E+3	0.000000E+0	0.000000E+0	0.000000E+0	106.222263E+3	25.000000	25.000000	25.000000	25.000000
2021-03-22 20:33:30	3.6992864108E+9	2.168169E-10	1.056455E+4	1.073151E+4	1.750460E+3	1.194465E+2	1.733475E+3	0.000000E+0	0.000000E+0	0.000000E+0	3.265701E+2	216.816903E-12	23.294068E+3	40.366725E+3	16.003577E+3	29.441522E+3	13.661113E+3	0.000000E+0	0.000000E+0	0.000000E+0	106.458710E+3	25.000000	25.000000	25.000000	25.000000
2021-03-22 20:34:23	3.6992864636E+9	2.168169E-10	1.056214E+4	1.072753E+4	1.749476E+3	1.179475E+2	1.732971E+3	0.000000E+0	0.000000E+0	0.000000E+0	3.275396E+2	216.816903E-12	23.343508E+3	40.521575E+3	16.084379E+3	30.328445E+3	13.668626E+3	0.000000E+0	0.000000E+0	0.000000E+0	106.685536E+3	25.000000	25.000000	25.000000	25.000000
2021-03-22 20:35:16	3.6992865165E+9	2.168169E-10	1.055951E+4	1.072416E+4	1.748762E+3	1.190707E+2	1.732603E+3	0.000000E+0	0.000000E+0	0.000000E+0	3.285328E+2	216.816903E-12	23.397613E+3	40.653488E+3	16.143395E+3	29.660412E+3	13.674101E+3	0.000000E+0	0.000000E+0	0.000000E+0	106.917922E+3	25.000000	25.000000	25.000000	25.000000
2021-03-22 20:36:16	3.6992865761E+9	2.168169E-10	1.055698E+4	1.071978E+4	1.750036E+3	1.199714E+2	1.732128E+3	0.000000E+0	0.000000E+0	0.000000E+0	3.298356E+2	216.816903E-12	23.449962E+3	40.825994E+3	16.038296E+3	29.139635E+3	13.681017E+3	0.000000E+0	0.000000E+0	0.000000E+0	107.222778E+3	25.000000	25.000000	25.000000	25.000000
2021-03-22 20:37:08	3.6992866289E+9	2.168169E-10	1.055432E+4	1.071587E+4	1.749315E+3	1.171806E+2	1.731674E+3	0.000000E+0	0.000000E+0	0.000000E+0	3.308328E+2	216.816903E-12	23.505033E+3	40.981284E+3	16.097678E+3	30.796921E+3	13.687723E+3	0.000000E+0	0.000000E+0	0.000000E+0	107.456155E+3	25.000000	25.000000	25.000000	25.000000
2021-03-22 20:38:09	3.6992866898E+9	2.168169E-10	1.055118E+4	1.071424E+4	1.749315E+3	1.150813E+2	1.731212E+3	0.000000E+0	0.000000E+0	0.000000E+0	3.318817E+2	216.816903E-12	23.570333E+3	41.045852E+3	16.097641E+3	32.132730E+3	13.694384E+3	0.000000E+0	0.000000E+0	0.000000E+0	107.701640E+3	25.000000	25.000000	25.000000	25.000000
2021-03-22 20:39:08	3.6992867485E+9	2.168169E-10	1.054836E+4	1.070957E+4	1.748571E+3	1.170093E+2	1.730762E+3	0.000000E+0	0.000000E+0	0.000000E+0	3.329311E+2	216.816903E-12	23.629349E+3	41.232897E+3	16.159270E+3	30.902928E+3	13.700872E+3	0.000000E+0	0.000000E+0	0.000000E+0	107.947290E+3	25.000000	25.000000	25.000000	25.000000
2021-03-22 20:40:00	3.6992868010E+9	2.168169E-10	1.054565E+4	1.070623E+4	1.748615E+3	1.182319E+2	1.730378E+3	0.000000E+0	0.000000E+0	0.000000E+0	3.339548E+2	216.816903E-12	23.686216E+3	41.367363E+3	16.155616E+3	30.157289E+3	13.706403E+3	0.000000E+0	0.000000E+0	0.000000E+0	108.186934E+3	25.000000	25.000000	25.000000	25.000000
2021-03-22 20:40:53	3.6992868539E+9	2.168169E-10	1.054299E+4	1.070290E+4	1.747169E+3	1.170067E+2	1.729933E+3	0.000000E+0	0.000000E+0	0.000000E+0	3.349853E+2	216.816903E-12	23.742216E+3	41.502012E+3	16.276260E+3	30.904584E+3	13.712791E+3	0.000000E+0	0.000000E+0	0.000000E+0	108.428197E+3	25.000000	25.000000	25.000000	25.000000
2021-03-22 20:41:57	3.6992869175E+9	2.168169E-10	1.053973E+4	1.069964E+4	1.747911E+3	1.180753E+2	1.729407E+3	0.000000E+0	0.000000E+0	0.000000E+0	3.363137E+2	216.816903E-12	23.811121E+3	41.634496E+3	16.214137E+3	30.251370E+3	13.720206E+3	0.000000E+0	0.000000E+0	0.000000E+0	108.739274E+3	25.000000	25.000000	25.000000	25.000000
2021-03-22 20:42:50	3.6992869702E+9	2.168169E-10	1.053702E+4	1.069715E+4	1.746241E+3	1.178051E+2	1.729017E+3	0.000000E+0	0.000000E+0	0.000000E+0	3.373783E+2	216.816903E-12	23.868752E+3	41.736149E+3	16.354310E+3	30.414695E+3	13.725666E+3	0.000000E+0	0.000000E+0	0.000000E+0	108.988576E+3	25.000000	25.000000	25.000000	25.000000
2021-03-22 20:43:42	3.6992870230E+9	2.168169E-10	1.053414E+4	1.069679E+4	1.747097E+3	1.173971E+2	1.728550E+3	0.000000E+0	0.000000E+0	0.000000E+0	3.384498E+2	216.816903E-12	23.930024E+3	41.750864E+3	16.282308E+3	30.663657E+3	13.732112E+3	0.000000E+0	0.000000E+0	0.000000E+0	109.239558E+3	25.000000	25.000000	25.000000	25.000000
2021-03-22 20:44:43	3.6992870839E+9	2.168169E-10	1.053093E+4	1.069077E+4	1.746756E+3	1.179940E+2	1.728050E+3	0.000000E+0	0.000000E+0	0.000000E+0	3.396291E+2	216.816903E-12	23.998822E+3	41.998283E+3	16.310889E+3	30.300390E+3	13.739078E+3	0.000000E+0	0.000000E+0	0.000000E+0	109.515806E+3	25.000000	25.000000	25.000000	25.000000
2021-03-22 20:45:36	3.6992871366E+9	2.168169E-10	1.052784E+4	1.068818E+4	1.747047E+3	1.155730E+2	1.727607E+3	0.000000E+0	0.000000E+0	0.000000E+0	3.407398E+2	216.816903E-12	24.065339E+3	42.105535E+3	16.286475E+3	31.812634E+3	13.745131E+3	0.000000E+0	0.000000E+0	0.000000E+0	109.776036E+3	25.000000	25.000000	25.000000	25.000000
